Index	NpcName	TitleID	NpcTemplateId	HideTaskId	WalkNearLength	CanAutoPath	NpcLevel	XPos	YPos	StandDir	Quantity	NpcType	NpcCamp	NpcDroprate	NpcSeriesAuto	NpcSeriesMetal	NpcSeriesWood	NpcSeriesWater	NpcSeriesFire	NpcSeriesEarth	Removewhendeath	ChangeColorScheme
task_enemy1	贼匪		1187		50		30	10650	9301	0	-1	0	0		-1	0	0	0	0	0	0	0
task_enemy1	贼匪		1187		50		30	10850	9123	0	-1	0	0		-1	0	0	0	0	0	0	0
task_enemy1	贼匪		1187		50		30	11086	9123	0	-1	0	0		-1	0	0	0	0	0	0	0
task_enemy1	贼匪		1187		50		30	10961	9550	0	-1	0	0		-1	0	0	0	0	0	0	0
task_enemy1	贼匪		1187		50		30	10934	9323	0	-1	0	0		-1	0	0	0	0	0	0	0
task_enemy1	贼匪		1187		50		30	11166	9546	0	-1	0	0		-1	0	0	0	0	0	0	0
task_enemy1	贼匪		1187		50		30	10743	9528	0	-1	0	0		-1	0	0	0	0	0	0	0
task_enemy1	贼匪		1187		50		30	11321	9123	0	-1	0	0		-1	0	0	0	0	0	0	0
task_enemy1	贼匪		1187		50		30	10397	9487	0	-1	0	0		-1	0	0	0	0	0	0	0
task_enemy1	贼匪		1187		50		30	10526	9753	0	-1	0	0		-1	0	0	0	0	0	0	0
task_enemy2	贼匪头目		1188		50		30	11450	8950	0	-1	0	0		-1	0	0	0	0	0	0	0
task_enemy3	五色教头目		1216		50		30	8750	3250	0	-1	0	0		-1	0	0	0	0	0	0	0
ziqiangwei	紫蔷薇		151		50	1	99	5808	3404	0	-1	0	0		0	0	0	0	0	0	0	0
ziqiangwei	紫蔷薇		151		50	1	99	5549	3399	0	-1	0	0		0	0	0	0	0	0	0	0
ziqiangwei	紫蔷薇		151		50	1	99	5350	3081	0	-1	0	0		0	0	0	0	0	0	0	0
ziqiangwei	紫蔷薇		151		50	1	99	5090	3131	0	-1	0	0		0	0	0	0	0	0	0	0
ziqiangwei	紫蔷薇		151		50	1	99	4780	3245	0	-1	0	0		0	0	0	0	0	0	0	0
ziqiangwei	紫蔷薇		151		50	1	99	4561	3316	0	-1	0	0		0	0	0	0	0	0	0	0
ziqiangwei	紫蔷薇		151		50	1	99	4455	3513	0	-1	0	0		0	0	0	0	0	0	0	0
ziqiangwei	紫蔷薇		151		50	1	99	4232	3611	0	-1	0	0		0	0	0	0	0	0	0	0
ziqiangwei	紫蔷薇		151		50	1	99	4039	3828	0	-1	0	0		0	0	0	0	0	0	0	0
yewai_20_3	五色教弟子		1012		50		30	12538	9930	0	-1	0	0		-1	0	0	0	0	0	0	0
yewai_20_3	五色教弟子		1012		50		30	7259	13416	0	-1	0	0		-1	0	0	0	0	0	0	0
yewai_20_3	五色教弟子		1012		50		30	6903	12895	0	-1	0	0		-1	0	0	0	0	0	0	0
yewai_20_3	五色教弟子		1012		50		30	7170	12921	0	-1	0	0		-1	0	0	0	0	0	0	0
yewai_20_3	五色教弟子		1012		50		30	6756	13684	0	-1	0	0		-1	0	0	0	0	0	0	0
yewai_20_3	五色教弟子		1012		50		30	10710	13609	0	-1	0	0		-1	0	0	0	0	0	0	0
yewai_20_3	五色教弟子		1012		50		30	10176	13962	0	-1	0	0		-1	0	0	0	0	0	0	0
yewai_20_3	五色教弟子		1012		50		30	10382	13901	0	-1	0	0		-1	0	0	0	0	0	0	0
yewai_20_3	五色教弟子		1012		50		30	9863	13749	0	-1	0	0		-1	0	0	0	0	0	0	0
yewai_20_3	五色教弟子		1012		50		30	12963	12953	0	-1	0	0		-1	0	0	0	0	0	0	0
yewai_20_3	五色教弟子		1012		50		30	13005	12625	0	-1	0	0		-1	0	0	0	0	0	0	0
yewai_20_3	五色教弟子		1012		50		30	12375	13032	0	-1	0	0		-1	0	0	0	0	0	0	0
yewai_20_3	五色教弟子		1012		50		30	12702	12936	0	-1	0	0		-1	0	0	0	0	0	0	0
yewai_20_3	五色教弟子		1012		50		30	8481	10716	0	-1	0	0		-1	0	0	0	0	0	0	0
yewai_20_3	五色教弟子		1012		50		30	12711	12431	0	-1	0	0		-1	0	0	0	0	0	0	0
yewai_20_3	五色教弟子		1012		50		30	11720	10305	0	-1	0	0		-1	0	0	0	0	0	0	0
yewai_20_3	五色教弟子		1012		50		30	11998	10338	0	-1	0	0		-1	0	0	0	0	0	0	0
yewai_20_3	五色教弟子		1012		50		30	12146	9954	0	-1	0	0		-1	0	0	0	0	0	0	0
yewai_20_3	五色教弟子		1012		50		30	11844	10006	0	-1	0	0		-1	0	0	0	0	0	0	0
yewai_20_3	五色教弟子		1012		50		30	11818	10623	0	-1	0	0		-1	0	0	0	0	0	0	0
yewai_20_3	五色教弟子		1012		50		30	12166	10705	0	-1	0	0		-1	0	0	0	0	0	0	0
yewai_20_3	五色教弟子		1012		50		30	12295	10453	0	-1	0	0		-1	0	0	0	0	0	0	0
yewai_20_3	五色教弟子		1012		50		30	12768	8646	0	-1	0	0		-1	0	0	0	0	0	0	0
yewai_20_3	五色教弟子		1012		50		30	12979	8579	0	-1	0	0		-1	0	0	0	0	0	0	0
yewai_20_3	五色教弟子		1012		50		30	12806	8372	0	-1	0	0		-1	0	0	0	0	0	0	0
yewai_20_3	五色教弟子		1012		50		30	13321	8134	0	-1	0	0		-1	0	0	0	0	0	0	0
yewai_20_3	五色教弟子		1012		50		30	13202	8729	0	-1	0	0		-1	0	0	0	0	0	0	0
yewai_20_3	五色教弟子		1012		50		30	12921	8878	0	-1	0	0		-1	0	0	0	0	0	0	0
yewai_20_3	五色教弟子		1012		50		30	13184	8933	0	-1	0	0		-1	0	0	0	0	0	0	0
yewai_20_3	五色教弟子		1012		50		30	13028	8177	0	-1	0	0		-1	0	0	0	0	0	0	0
yewai_20_3	五色教弟子		1012		50		30	13485	8896	0	-1	0	0		-1	0	0	0	0	0	0	0
yewai_20_3	五色教弟子		1012		50		30	13443	8348	0	-1	0	0		-1	0	0	0	0	0	0	0
yewai_20_3	五色教弟子		1012		50		30	13494	8613	0	-1	0	0		-1	0	0	0	0	0	0	0
yewai_20_3	五色教弟子		1012		50		30	13220	8494	0	-1	0	0		-1	0	0	0	0	0	0	0
yewai_20_3	五色教弟子		1012		50		30	13728	8694	0	-1	0	0		-1	0	0	0	0	0	0	0
yewai_20_3	五色教弟子		1012		50		30	13728	8388	0	-1	0	0		-1	0	0	0	0	0	0	0
yewai_20_3	五色教弟子		1012		50		30	13581	8163	0	-1	0	0		-1	0	0	0	0	0	0	0
yewai_20_3	五色教弟子		1012		50		30	12503	10720	0	-1	0	0		-1	0	0	0	0	0	0	0
yewai_20_3	五色教弟子		1012		50		30	12550	10463	0	-1	0	0		-1	0	0	0	0	0	0	0
yewai_20_3	五色教弟子		1012		50		30	12774	10659	0	-1	0	0		-1	0	0	0	0	0	0	0
yewai_20_3	五色教弟子		1012		50		30	12560	10211	0	-1	0	0		-1	0	0	0	0	0	0	0
yewai_20_3	五色教弟子		1012		50		30	12212	10182	0	-1	0	0		-1	0	0	0	0	0	0	0
yewai_20_3	五色教弟子		1012		50		30	8094	10350	0	-1	0	0		-1	0	0	0	0	0	0	0
yewai_20_3	五色教弟子		1012		50		30	8358	10499	0	-1	0	0		-1	0	0	0	0	0	0	0
yewai_20_3	五色教弟子		1012		50		30	8651	10473	0	-1	0	0		-1	0	0	0	0	0	0	0
yewai_20_3	五色教弟子		1012		50		30	13159	12795	0	-1	0	0		-1	0	0	0	0	0	0	0
yewai_20_3	五色教弟子		1012		50		30	13395	12555	0	-1	0	0		-1	0	0	0	0	0	0	0
yewai_20_3	五色教弟子		1012		50		30	12938	12370	0	-1	0	0		-1	0	0	0	0	0	0	0
yewai_20_3	五色教弟子		1012		50		30	13285	12279	0	-1	0	0		-1	0	0	0	0	0	0	0
yewai_20_3	五色教弟子		1012		50		30	12717	12673	0	-1	0	0		-1	0	0	0	0	0	0	0
yewai_20_3	五色教弟子		1012		50		30	13064	12086	0	-1	0	0		-1	0	0	0	0	0	0	0
yewai_20_3	五色教弟子		1012		50		30	12733	12055	0	-1	0	0		-1	0	0	0	0	0	0	0
yewai_20_3	五色教弟子		1012		50		30	12643	13161	0	-1	0	0		-1	0	0	0	0	0	0	0
yewai_20_3	五色教弟子		1012		50		30	12962	13189	0	-1	0	0		-1	0	0	0	0	0	0	0
yewai_20_3	五色教弟子		1012		50		30	13186	13059	0	-1	0	0		-1	0	0	0	0	0	0	0
yewai_20_3	五色教弟子		1012		50		30	12458	12244	0	-1	0	0		-1	0	0	0	0	0	0	0
yewai_20_3	五色教弟子		1012		50		30	12225	12460	0	-1	0	0		-1	0	0	0	0	0	0	0
yewai_20_3	五色教弟子		1012		50		30	12465	12634	0	-1	0	0		-1	0	0	0	0	0	0	0
yewai_20_3	五色教弟子		1012		50		30	12213	12783	0	-1	0	0		-1	0	0	0	0	0	0	0
yewai_20_3	五色教弟子		1012		50		30	13399	12799	0	-1	0	0		-1	0	0	0	0	0	0	0
yewai_20_3	五色教弟子		1012		50		30	6782	13233	0	-1	0	0		-1	0	0	0	0	0	0	0
yewai_20_3	五色教弟子		1012		50		30	6544	13808	0	-1	0	0		-1	0	0	0	0	0	0	0
yewai_20_3	五色教弟子		1012		50		30	6359	13623	0	-1	0	0		-1	0	0	0	0	0	0	0
yewai_20_3	五色教弟子		1012		50		30	6474	13105	0	-1	0	0		-1	0	0	0	0	0	0	0
yewai_20_3	五色教弟子		1012		50		30	6692	12978	0	-1	0	0		-1	0	0	0	0	0	0	0
yewai_20_3	五色教弟子		1012		50		30	7455	13280	0	-1	0	0		-1	0	0	0	0	0	0	0
yewai_20_3	五色教弟子		1012		50		30	7370	13041	0	-1	0	0		-1	0	0	0	0	0	0	0
yewai_20_3	五色教弟子		1012		50		30	7474	13548	0	-1	0	0		-1	0	0	0	0	0	0	0
yewai_20_3	五色教弟子		1012		50		30	7285	13718	0	-1	0	0		-1	0	0	0	0	0	0	0
yewai_20_3	五色教弟子		1012		50		30	7055	13863	0	-1	0	0		-1	0	0	0	0	0	0	0
yewai_20_3	五色教弟子		1012		50		30	6787	13942	0	-1	0	0		-1	0	0	0	0	0	0	0
yewai_20_3	五色教弟子		1012		50		30	6421	13389	0	-1	0	0		-1	0	0	0	0	0	0	0
yewai_20_3	五色教弟子		1012		50		30	6661	13482	0	-1	0	0		-1	0	0	0	0	0	0	0
yewai_20_3	五色教弟子		1012		50		30	7005	13669	0	-1	0	0		-1	0	0	0	0	0	0	0
yewai_20_3	五色教弟子		1012		50		30	6940	13446	0	-1	0	0		-1	0	0	0	0	0	0	0
yewai_20_3	五色教弟子		1012		50		30	7089	13210	0	-1	0	0		-1	0	0	0	0	0	0	0
yewai_20_3	五色教弟子		1012		50		30	6544	11218	0	-1	0	0		-1	0	0	0	0	0	0	0
yewai_20_3	五色教弟子		1012		50		30	8519	10046	0	-1	0	0		-1	0	0	0	0	0	0	0
yewai_20_3	五色教弟子		1012		50		30	8171	10091	0	-1	0	0		-1	0	0	0	0	0	0	0
yewai_20_3	五色教弟子		1012		50		30	8456	10309	0	-1	0	0		-1	0	0	0	0	0	0	0
yewai_20_3	五色教弟子		1012		50		30	8767	10261	0	-1	0	0		-1	0	0	0	0	0	0	0
yewai_20_3	五色教弟子		1012		50		30	8938	10442	0	-1	0	0		-1	0	0	0	0	0	0	0
yewai_20_3	五色教弟子		1012		50		30	9097	10690	0	-1	0	0		-1	0	0	0	0	0	0	0
yewai_20_3	五色教弟子		1012		50		30	8793	10713	0	-1	0	0		-1	0	0	0	0	0	0	0
yewai_20_3	五色教弟子		1012		50		30	9115	10068	0	-1	0	0		-1	0	0	0	0	0	0	0
yewai_20_3	五色教弟子		1012		50		30	8815	10042	0	-1	0	0		-1	0	0	0	0	0	0	0
yewai_20_3	五色教弟子		1012		50		30	9121	10351	0	-1	0	0		-1	0	0	0	0	0	0	0
yewai_20_3	五色教弟子		1012		50		30	8165	10607	0	-1	0	0		-1	0	0	0	0	0	0	0
yewai_20_3	五色教弟子		1012		50		30	12775	10002	0	-1	0	0		-1	0	0	0	0	0	0	0
yewai_20_3	五色教弟子		1012		50		30	12826	10372	0	-1	0	0		-1	0	0	0	0	0	0	0
yewai_20_3	五色教弟子		1012		50		30	4872	12588	0	-1	0	0		-1	0	0	0	0	0	0	0
yewai_20_3	五色教弟子		1012		50		30	5179	12678	0	-1	0	0		-1	0	0	0	0	0	0	0
yewai_20_3	五色教弟子		1012		50		30	5250	13022	0	-1	0	0		-1	0	0	0	0	0	0	0
yewai_20_3	五色教弟子		1012		50		30	4879	13256	0	-1	0	0		-1	0	0	0	0	0	0	0
yewai_20_3	五色教弟子		1012		50		30	4580	13218	0	-1	0	0		-1	0	0	0	0	0	0	0
yewai_20_3	五色教弟子		1012		50		30	4461	13378	0	-1	0	0		-1	0	0	0	0	0	0	0
yewai_20_3	五色教弟子		1012		50		30	4280	13200	0	-1	0	0		-1	0	0	0	0	0	0	0
yewai_20_3	五色教弟子		1012		50		30	4218	12954	0	-1	0	0		-1	0	0	0	0	0	0	0
yewai_20_3	五色教弟子		1012		50		30	4277	12613	0	-1	0	0		-1	0	0	0	0	0	0	0
yewai_20_3	五色教弟子		1012		50		30	4494	12957	0	-1	0	0		-1	0	0	0	0	0	0	0
yewai_20_3	五色教弟子		1012		50		30	4586	12595	0	-1	0	0		-1	0	0	0	0	0	0	0
yewai_20_3	五色教弟子		1012		50		30	5171	13334	0	-1	0	0		-1	0	0	0	0	0	0	0
yewai_20_3	五色教弟子		1012		50		30	4759	12903	0	-1	0	0		-1	0	0	0	0	0	0	0
yewai_20_3	五色教弟子		1012		50		30	5029	13014	0	-1	0	0		-1	0	0	0	0	0	0	0
yewai_20_3	五色教弟子		1012		50		30	3839	9736	0	-1	0	0		-1	0	0	0	0	0	0	0
yewai_20_3	五色教弟子		1012		50		30	4152	9779	0	-1	0	0		-1	0	0	0	0	0	0	0
yewai_20_3	五色教弟子		1012		50		30	3901	9128	0	-1	0	0		-1	0	0	0	0	0	0	0
yewai_20_3	五色教弟子		1012		50		30	4150	9019	0	-1	0	0		-1	0	0	0	0	0	0	0
yewai_20_3	五色教弟子		1012		50		30	4541	9016	0	-1	0	0		-1	0	0	0	0	0	0	0
yewai_20_3	五色教弟子		1012		50		30	4822	9172	0	-1	0	0		-1	0	0	0	0	0	0	0
yewai_20_3	五色教弟子		1012		50		30	4869	9451	0	-1	0	0		-1	0	0	0	0	0	0	0
yewai_20_3	五色教弟子		1012		50		30	4781	9754	0	-1	0	0		-1	0	0	0	0	0	0	0
yewai_20_3	五色教弟子		1012		50		30	4492	9787	0	-1	0	0		-1	0	0	0	0	0	0	0
yewai_20_3	五色教弟子		1012		50		30	3806	9437	0	-1	0	0		-1	0	0	0	0	0	0	0
yewai_20_3	五色教弟子		1012		50		30	4049	9577	0	-1	0	0		-1	0	0	0	0	0	0	0
yewai_20_3	五色教弟子		1012		50		30	4131	9246	0	-1	0	0		-1	0	0	0	0	0	0	0
yewai_20_3	五色教弟子		1012		50		30	4314	9456	0	-1	0	0		-1	0	0	0	0	0	0	0
yewai_20_3	五色教弟子		1012		50		30	4557	9251	0	-1	0	0		-1	0	0	0	0	0	0	0
yewai_20_3	五色教弟子		1012		50		30	4579	9609	0	-1	0	0		-1	0	0	0	0	0	0	0
yewai_20_3	五色教弟子		1012		50		30	3671	11549	0	-1	0	0		-1	0	0	0	0	0	0	0
yewai_20_3	五色教弟子		1012		50		30	3961	11583	0	-1	0	0		-1	0	0	0	0	0	0	0
yewai_20_3	五色教弟子		1012		50		30	3688	10801	0	-1	0	0		-1	0	0	0	0	0	0	0
yewai_20_3	五色教弟子		1012		50		30	3631	11192	0	-1	0	0		-1	0	0	0	0	0	0	0
yewai_20_3	五色教弟子		1012		50		30	3848	11181	0	-1	0	0		-1	0	0	0	0	0	0	0
yewai_20_3	五色教弟子		1012		50		30	4036	11395	0	-1	0	0		-1	0	0	0	0	0	0	0
yewai_20_3	五色教弟子		1012		50		30	4268	11263	0	-1	0	0		-1	0	0	0	0	0	0	0
yewai_20_3	五色教弟子		1012		50		30	6301	11524	0	-1	0	0		-1	0	0	0	0	0	0	0
yewai_20_3	五色教弟子		1012		50		30	6312	11169	0	-1	0	0		-1	0	0	0	0	0	0	0
yewai_20_3	五色教弟子		1012		50		30	6926	11699	0	-1	0	0		-1	0	0	0	0	0	0	0
yewai_20_3	五色教弟子		1012		50		30	6573	11688	0	-1	0	0		-1	0	0	0	0	0	0	0
yewai_20_3	五色教弟子		1012		50		30	4325	11601	0	-1	0	0		-1	0	0	0	0	0	0	0
yewai_20_3	五色教弟子		1012		50		30	4601	11535	0	-1	0	0		-1	0	0	0	0	0	0	0
yewai_20_3	五色教弟子		1012		50		30	4445	11090	0	-1	0	0		-1	0	0	0	0	0	0	0
yewai_20_3	五色教弟子		1012		50		30	4684	11234	0	-1	0	0		-1	0	0	0	0	0	0	0
yewai_20_3	五色教弟子		1012		50		30	4383	10789	0	-1	0	0		-1	0	0	0	0	0	0	0
yewai_20_3	五色教弟子		1012		50		30	3991	10785	0	-1	0	0		-1	0	0	0	0	0	0	0
yewai_20_3	五色教弟子		1012		50		30	4103	11040	0	-1	0	0		-1	0	0	0	0	0	0	0
yewai_20_3	五色教弟子		1012		50		30	4647	10888	0	-1	0	0		-1	0	0	0	0	0	0	0
yewai_20_3	五色教弟子		1012		50		30	7078	10873	0	-1	0	0		-1	0	0	0	0	0	0	0
yewai_20_3	五色教弟子		1012		50		30	6798	10833	0	-1	0	0		-1	0	0	0	0	0	0	0
yewai_20_3	五色教弟子		1012		50		30	6791	11103	0	-1	0	0		-1	0	0	0	0	0	0	0
yewai_20_3	五色教弟子		1012		50		30	6979	11468	0	-1	0	0		-1	0	0	0	0	0	0	0
yewai_20_3	五色教弟子		1012		50		30	6706	11448	0	-1	0	0		-1	0	0	0	0	0	0	0
yewai_20_3	五色教弟子		1012		50		30	7226	11682	0	-1	0	0		-1	0	0	0	0	0	0	0
yewai_20_3	五色教弟子		1012		50		30	6386	10878	0	-1	0	0		-1	0	0	0	0	0	0	0
yewai_20_3	五色教弟子		1012		50		30	7337	11017	0	-1	0	0		-1	0	0	0	0	0	0	0
yewai_20_3	五色教弟子		1012		50		30	7067	11218	0	-1	0	0		-1	0	0	0	0	0	0	0
yewai_20_3	五色教弟子		1012		50		30	7343	11436	0	-1	0	0		-1	0	0	0	0	0	0	0
yewai_20_3	五色教弟子		1012		50		30	4833	13449	0	-1	0	0		-1	0	0	0	0	0	0	0
yewai_20_3	五色教弟子		1012		50		30	10097	13711	0	-1	0	0		-1	0	0	0	0	0	0	0
yewai_20_3	五色教弟子		1012		50		30	10341	13575	0	-1	0	0		-1	0	0	0	0	0	0	0
yewai_20_3	五色教弟子		1012		50		30	10533	13711	0	-1	0	0		-1	0	0	0	0	0	0	0
yewai_20_3	五色教弟子		1012		50		30	10275	13345	0	-1	0	0		-1	0	0	0	0	0	0	0
yewai_20_3	五色教弟子		1012		50		30	10018	13488	0	-1	0	0		-1	0	0	0	0	0	0	0
yewai_20_3	五色教弟子		1012		50		30	9786	13200	0	-1	0	0		-1	0	0	0	0	0	0	0
yewai_20_3	五色教弟子		1012		50		30	9654	13596	0	-1	0	0		-1	0	0	0	0	0	0	0
yewai_20_3	五色教弟子		1012		50		30	10067	13082	0	-1	0	0		-1	0	0	0	0	0	0	0
yewai_20_3	五色教弟子		1012		50		30	10393	13079	0	-1	0	0		-1	0	0	0	0	0	0	0
yewai_20_3	五色教弟子		1012		50		30	10622	13263	0	-1	0	0		-1	0	0	0	0	0	0	0
yewai_20_3	五色教弟子		1012		50		30	9550	13329	0	-1	0	0		-1	0	0	0	0	0	0	0
yewai_20_3	五色教弟子		1012		50		30	10201	11165	0	-1	0	0		-1	0	0	0	0	0	0	0
yewai_20_3	五色教弟子		1012		50		30	10606	11176	0	-1	0	0		-1	0	0	0	0	0	0	0
yewai_20_3	五色教弟子		1012		50		30	10891	11362	0	-1	0	0		-1	0	0	0	0	0	0	0
yewai_20_3	五色教弟子		1012		50		30	10379	11416	0	-1	0	0		-1	0	0	0	0	0	0	0
yewai_20_3	五色教弟子		1012		50		30	10624	11637	0	-1	0	0		-1	0	0	0	0	0	0	0
yewai_20_3	五色教弟子		1012		50		30	10086	11531	0	-1	0	0		-1	0	0	0	0	0	0	0
yewai_20_3	五色教弟子		1012		50		30	10374	11843	0	-1	0	0		-1	0	0	0	0	0	0	0
yewai_20_3	五色教弟子		1012		50		30	10072	11843	0	-1	0	0		-1	0	0	0	0	0	0	0
yewai_20_3	五色教弟子		1012		50		30	10672	12093	0	-1	0	0		-1	0	0	0	0	0	0	0
yewai_20_3	五色教弟子		1012		50		30	10888	11819	0	-1	0	0		-1	0	0	0	0	0	0	0
yewai_20_3	五色教弟子		1012		50		30	9923	12093	0	-1	0	0		-1	0	0	0	0	0	0	0
yewai_20_3	五色教弟子		1012		50		30	9875	11229	0	-1	0	0		-1	0	0	0	0	0	0	0
yewai_20_3	五色教弟子		1012		50		30	9697	11455	0	-1	0	0		-1	0	0	0	0	0	0	0
yewai_20_3	五色教弟子		1012		50		30	9663	11863	0	-1	0	0		-1	0	0	0	0	0	0	0
yewai_20_3	五色教弟子		1012		50		30	10297	12134	0	-1	0	0		-1	0	0	0	0	0	0	0
yewai_20_4	流氓		1013		50		30	6893	4734	0	-1	0	0		-1	0	0	0	0	0	0	0
yewai_20_4	流氓		1013		50		30	10981	7068	0	-1	0	0		-1	0	0	0	0	0	0	0
yewai_20_4	流氓		1013		50		30	4291	6851	0	-1	0	0		-1	0	0	0	0	0	0	0
yewai_20_4	流氓		1013		50		30	4688	7056	0	-1	0	0		-1	0	0	0	0	0	0	0
yewai_20_4	流氓		1013		50		30	4058	7108	0	-1	0	0		-1	0	0	0	0	0	0	0
yewai_20_4	流氓		1013		50		30	4337	7227	0	-1	0	0		-1	0	0	0	0	0	0	0
yewai_20_4	流氓		1013		50		30	4638	7314	0	-1	0	0		-1	0	0	0	0	0	0	0
yewai_20_4	流氓		1013		50		30	7233	5700	0	-1	0	0		-1	0	0	0	0	0	0	0
yewai_20_4	流氓		1013		50		30	6919	5799	0	-1	0	0		-1	0	0	0	0	0	0	0
yewai_20_4	流氓		1013		50		30	6703	5990	0	-1	0	0		-1	0	0	0	0	0	0	0
yewai_20_4	流氓		1013		50		30	7293	6011	0	-1	0	0		-1	0	0	0	0	0	0	0
yewai_20_4	流氓		1013		50		30	6901	6623	0	-1	0	0		-1	0	0	0	0	0	0	0
yewai_20_4	流氓		1013		50		30	6823	6252	0	-1	0	0		-1	0	0	0	0	0	0	0
yewai_20_4	流氓		1013		50		30	6537	6209	0	-1	0	0		-1	0	0	0	0	0	0	0
yewai_20_4	流氓		1013		50		30	6647	6478	0	-1	0	0		-1	0	0	0	0	0	0	0
yewai_20_4	流氓		1013		50		30	7615	6158	0	-1	0	0		-1	0	0	0	0	0	0	0
yewai_20_4	流氓		1013		50		30	7468	5873	0	-1	0	0		-1	0	0	0	0	0	0	0
yewai_20_4	流氓		1013		50		30	7053	6061	0	-1	0	0		-1	0	0	0	0	0	0	0
yewai_20_4	流氓		1013		50		30	7260	6279	0	-1	0	0		-1	0	0	0	0	0	0	0
yewai_20_4	流氓		1013		50		30	7027	6363	0	-1	0	0		-1	0	0	0	0	0	0	0
yewai_20_4	流氓		1013		50		30	6637	4650	0	-1	0	0		-1	0	0	0	0	0	0	0
yewai_20_4	流氓		1013		50		30	6573	4422	0	-1	0	0		-1	0	0	0	0	0	0	0
yewai_20_4	流氓		1013		50		30	6626	4174	0	-1	0	0		-1	0	0	0	0	0	0	0
yewai_20_4	流氓		1013		50		30	4830	4446	0	-1	0	0		-1	0	0	0	0	0	0	0
yewai_20_4	流氓		1013		50		30	11209	6339	0	-1	0	0		-1	0	0	0	0	0	0	0
yewai_20_4	流氓		1013		50		30	10847	6364	0	-1	0	0		-1	0	0	0	0	0	0	0
yewai_20_4	流氓		1013		50		30	10724	6610	0	-1	0	0		-1	0	0	0	0	0	0	0
yewai_20_4	流氓		1013		50		30	10959	6769	0	-1	0	0		-1	0	0	0	0	0	0	0
yewai_20_4	流氓		1013		50		30	11199	6669	0	-1	0	0		-1	0	0	0	0	0	0	0
yewai_20_4	流氓		1013		50		30	11500	6780	0	-1	0	0		-1	0	0	0	0	0	0	0
yewai_20_4	流氓		1013		50		30	11478	6418	0	-1	0	0		-1	0	0	0	0	0	0	0
yewai_20_4	流氓		1013		50		30	11558	7161	0	-1	0	0		-1	0	0	0	0	0	0	0
yewai_20_4	流氓		1013		50		30	13462	7134	0	-1	0	0		-1	0	0	0	0	0	0	0
yewai_20_4	流氓		1013		50		30	13173	7128	0	-1	0	0		-1	0	0	0	0	0	0	0
yewai_20_4	流氓		1013		50		30	13319	6538	0	-1	0	0		-1	0	0	0	0	0	0	0
yewai_20_4	流氓		1013		50		30	13002	6611	0	-1	0	0		-1	0	0	0	0	0	0	0
yewai_20_4	流氓		1013		50		30	13224	6852	0	-1	0	0		-1	0	0	0	0	0	0	0
yewai_20_4	流氓		1013		50		30	7239	2171	0	-1	0	0		-1	0	0	0	0	0	0	0
yewai_20_4	流氓		1013		50		30	7294	2409	0	-1	0	0		-1	0	0	0	0	0	0	0
yewai_20_4	流氓		1013		50		30	8244	1972	0	-1	0	0		-1	0	0	0	0	0	0	0
yewai_20_4	流氓		1013		50		30	4767	7521	0	-1	0	0		-1	0	0	0	0	0	0	0
yewai_20_4	流氓		1013		50		30	4896	7728	0	-1	0	0		-1	0	0	0	0	0	0	0
yewai_20_4	流氓		1013		50		30	5093	7512	0	-1	0	0		-1	0	0	0	0	0	0	0
yewai_20_4	流氓		1013		50		30	4937	7268	0	-1	0	0		-1	0	0	0	0	0	0	0
yewai_20_4	流氓		1013		50		30	5015	6955	0	-1	0	0		-1	0	0	0	0	0	0	0
yewai_20_4	流氓		1013		50		30	4666	6850	0	-1	0	0		-1	0	0	0	0	0	0	0
yewai_20_4	流氓		1013		50		30	4560	7788	0	-1	0	0		-1	0	0	0	0	0	0	0
yewai_20_4	流氓		1013		50		30	4440	7507	0	-1	0	0		-1	0	0	0	0	0	0	0
yewai_20_4	流氓		1013		50		30	4229	7641	0	-1	0	0		-1	0	0	0	0	0	0	0
yewai_20_4	流氓		1013		50		30	4017	7388	0	-1	0	0		-1	0	0	0	0	0	0	0
yewai_20_4	流氓		1013		50		30	7164	6596	0	-1	0	0		-1	0	0	0	0	0	0	0
yewai_20_4	流氓		1013		50		30	7389	6433	0	-1	0	0		-1	0	0	0	0	0	0	0
yewai_20_4	流氓		1013		50		30	4573	4485	0	-1	0	0		-1	0	0	0	0	0	0	0
yewai_20_4	流氓		1013		50		30	5077	4496	0	-1	0	0		-1	0	0	0	0	0	0	0
yewai_20_4	流氓		1013		50		30	7558	4468	0	-1	0	0		-1	0	0	0	0	0	0	0
yewai_20_4	流氓		1013		50		30	7149	4751	0	-1	0	0		-1	0	0	0	0	0	0	0
yewai_20_4	流氓		1013		50		30	7398	4728	0	-1	0	0		-1	0	0	0	0	0	0	0
yewai_20_4	流氓		1013		50		30	11726	2546	0	-1	0	0		-1	0	0	0	0	0	0	0
yewai_20_4	流氓		1013		50		30	12375	5326	0	-1	0	0		-1	0	0	0	0	0	0	0
yewai_20_4	流氓		1013		50		30	12729	5326	0	-1	0	0		-1	0	0	0	0	0	0	0
yewai_20_4	流氓		1013		50		30	13026	5276	0	-1	0	0		-1	0	0	0	0	0	0	0
yewai_20_4	流氓		1013		50		30	13035	6371	0	-1	0	0		-1	0	0	0	0	0	0	0
yewai_20_4	流氓		1013		50		30	12853	7126	0	-1	0	0		-1	0	0	0	0	0	0	0
yewai_20_4	流氓		1013		50		30	12640	6781	0	-1	0	0		-1	0	0	0	0	0	0	0
yewai_20_4	流氓		1013		50		30	12935	6890	0	-1	0	0		-1	0	0	0	0	0	0	0
yewai_20_4	流氓		1013		50		30	12745	6464	0	-1	0	0		-1	0	0	0	0	0	0	0
yewai_20_4	流氓		1013		50		30	13480	6836	0	-1	0	0		-1	0	0	0	0	0	0	0
yewai_20_4	流氓		1013		50		30	13716	7060	0	-1	0	0		-1	0	0	0	0	0	0	0
yewai_20_4	流氓		1013		50		30	13712	6704	0	-1	0	0		-1	0	0	0	0	0	0	0
yewai_20_4	流氓		1013		50		30	13693	6406	0	-1	0	0		-1	0	0	0	0	0	0	0
yewai_20_4	流氓		1013		50		30	13430	6325	0	-1	0	0		-1	0	0	0	0	0	0	0
yewai_20_4	流氓		1013		50		30	11360	6983	0	-1	0	0		-1	0	0	0	0	0	0	0
yewai_20_4	流氓		1013		50		30	11155	6936	0	-1	0	0		-1	0	0	0	0	0	0	0
yewai_20_4	流氓		1013		50		30	11416	7329	0	-1	0	0		-1	0	0	0	0	0	0	0
yewai_20_4	流氓		1013		50		30	11145	7405	0	-1	0	0		-1	0	0	0	0	0	0	0
yewai_20_4	流氓		1013		50		30	10865	7335	0	-1	0	0		-1	0	0	0	0	0	0	0
yewai_20_4	流氓		1013		50		30	10700	6989	0	-1	0	0		-1	0	0	0	0	0	0	0
yewai_20_4	流氓		1013		50		30	8277	2666	0	-1	0	0		-1	0	0	0	0	0	0	0
yewai_20_4	流氓		1013		50		30	7687	2657	0	-1	0	0		-1	0	0	0	0	0	0	0
yewai_20_4	流氓		1013		50		30	8101	2476	0	-1	0	0		-1	0	0	0	0	0	0	0
yewai_20_4	流氓		1013		50		30	7633	1999	0	-1	0	0		-1	0	0	0	0	0	0	0
yewai_20_4	流氓		1013		50		30	7279	1993	0	-1	0	0		-1	0	0	0	0	0	0	0
yewai_20_4	流氓		1013		50		30	8156	2183	0	-1	0	0		-1	0	0	0	0	0	0	0
yewai_20_4	流氓		1013		50		30	7533	2480	0	-1	0	0		-1	0	0	0	0	0	0	0
yewai_20_4	流氓		1013		50		30	7785	2442	0	-1	0	0		-1	0	0	0	0	0	0	0
yewai_20_4	流氓		1013		50		30	7563	2264	0	-1	0	0		-1	0	0	0	0	0	0	0
yewai_20_4	流氓		1013		50		30	7951	2663	0	-1	0	0		-1	0	0	0	0	0	0	0
yewai_20_4	流氓		1013		50		30	7918	2021	0	-1	0	0		-1	0	0	0	0	0	0	0
yewai_20_4	流氓		1013		50		30	7902	2248	0	-1	0	0		-1	0	0	0	0	0	0	0
yewai_20_4	流氓		1013		50		30	6735	9878	0	-1	0	0		-1	0	0	0	0	0	0	0
yewai_20_4	流氓		1013		50		30	7066	8760	0	-1	0	0		-1	0	0	0	0	0	0	0
yewai_20_4	流氓		1013		50		30	6347	8776	0	-1	0	0		-1	0	0	0	0	0	0	0
yewai_20_4	流氓		1013		50		30	6499	9407	0	-1	0	0		-1	0	0	0	0	0	0	0
yewai_20_4	流氓		1013		50		30	6618	9111	0	-1	0	0		-1	0	0	0	0	0	0	0
yewai_20_4	流氓		1013		50		30	6712	8739	0	-1	0	0		-1	0	0	0	0	0	0	0
yewai_20_4	流氓		1013		50		30	6959	9177	0	-1	0	0		-1	0	0	0	0	0	0	0
yewai_20_4	流氓		1013		50		30	7172	9143	0	-1	0	0		-1	0	0	0	0	0	0	0
yewai_20_4	流氓		1013		50		30	6372	9801	0	-1	0	0		-1	0	0	0	0	0	0	0
yewai_20_4	流氓		1013		50		30	6234	9442	0	-1	0	0		-1	0	0	0	0	0	0	0
yewai_20_4	流氓		1013		50		30	6219	9109	0	-1	0	0		-1	0	0	0	0	0	0	0
yewai_20_4	流氓		1013		50		30	6891	9634	0	-1	0	0		-1	0	0	0	0	0	0	0
yewai_20_4	流氓		1013		50		30	6778	9391	0	-1	0	0		-1	0	0	0	0	0	0	0
yewai_20_4	流氓		1013		50		30	7115	9826	0	-1	0	0		-1	0	0	0	0	0	0	0
yewai_20_4	流氓		1013		50		30	7179	9573	0	-1	0	0		-1	0	0	0	0	0	0	0
yewai_20_4	流氓		1013		50		30	5015	4749	0	-1	0	0		-1	0	0	0	0	0	0	0
yewai_20_4	流氓		1013		50		30	4698	4231	0	-1	0	0		-1	0	0	0	0	0	0	0
yewai_20_4	流氓		1013		50		30	4947	4194	0	-1	0	0		-1	0	0	0	0	0	0	0
yewai_20_4	流氓		1013		50		30	5013	3971	0	-1	0	0		-1	0	0	0	0	0	0	0
yewai_20_4	流氓		1013		50		30	5292	3996	0	-1	0	0		-1	0	0	0	0	0	0	0
yewai_20_4	流氓		1013		50		30	4709	3960	0	-1	0	0		-1	0	0	0	0	0	0	0
yewai_20_4	流氓		1013		50		30	4468	4135	0	-1	0	0		-1	0	0	0	0	0	0	0
yewai_20_4	流氓		1013		50		30	4354	4396	0	-1	0	0		-1	0	0	0	0	0	0	0
yewai_20_4	流氓		1013		50		30	4438	4722	0	-1	0	0		-1	0	0	0	0	0	0	0
yewai_20_4	流氓		1013		50		30	5260	4856	0	-1	0	0		-1	0	0	0	0	0	0	0
yewai_20_4	流氓		1013		50		30	5270	4614	0	-1	0	0		-1	0	0	0	0	0	0	0
yewai_20_4	流氓		1013		50		30	5163	4289	0	-1	0	0		-1	0	0	0	0	0	0	0
yewai_20_4	流氓		1013		50		30	5374	4302	0	-1	0	0		-1	0	0	0	0	0	0	0
yewai_20_4	流氓		1013		50		30	5449	4582	0	-1	0	0		-1	0	0	0	0	0	0	0
yewai_20_4	流氓		1013		50		30	4782	4674	0	-1	0	0		-1	0	0	0	0	0	0	0
yewai_20_4	流氓		1013		50		30	4684	4887	0	-1	0	0		-1	0	0	0	0	0	0	0
yewai_20_4	流氓		1013		50		30	4976	4953	0	-1	0	0		-1	0	0	0	0	0	0	0
yewai_20_4	流氓		1013		50		30	11899	2311	0	-1	0	0		-1	0	0	0	0	0	0	0
yewai_20_4	流氓		1013		50		30	12478	2314	0	-1	0	0		-1	0	0	0	0	0	0	0
yewai_20_4	流氓		1013		50		30	11720	2816	0	-1	0	0		-1	0	0	0	0	0	0	0
yewai_20_4	流氓		1013		50		30	11881	3004	0	-1	0	0		-1	0	0	0	0	0	0	0
yewai_20_4	流氓		1013		50		30	12401	2514	0	-1	0	0		-1	0	0	0	0	0	0	0
yewai_20_4	流氓		1013		50		30	12308	2866	0	-1	0	0		-1	0	0	0	0	0	0	0
yewai_20_4	流氓		1013		50		30	12183	3063	0	-1	0	0		-1	0	0	0	0	0	0	0
yewai_20_4	流氓		1013		50		30	12445	3024	0	-1	0	0		-1	0	0	0	0	0	0	0
yewai_20_4	流氓		1013		50		30	12102	2488	0	-1	0	0		-1	0	0	0	0	0	0	0
yewai_20_4	流氓		1013		50		30	12209	2667	0	-1	0	0		-1	0	0	0	0	0	0	0
yewai_20_4	流氓		1013		50		30	11974	2756	0	-1	0	0		-1	0	0	0	0	0	0	0
yewai_20_4	流氓		1013		50		30	12599	2806	0	-1	0	0		-1	0	0	0	0	0	0	0
yewai_20_4	流氓		1013		50		30	12606	2570	0	-1	0	0		-1	0	0	0	0	0	0	0
yewai_20_4	流氓		1013		50		30	12161	2278	0	-1	0	0		-1	0	0	0	0	0	0	0
yewai_20_4	流氓		1013		50		30	12345	4534	0	-1	0	0		-1	0	0	0	0	0	0	0
yewai_20_4	流氓		1013		50		30	12091	4642	0	-1	0	0		-1	0	0	0	0	0	0	0
yewai_20_4	流氓		1013		50		30	12054	4963	0	-1	0	0		-1	0	0	0	0	0	0	0
yewai_20_4	流氓		1013		50		30	13035	4963	0	-1	0	0		-1	0	0	0	0	0	0	0
yewai_20_4	流氓		1013		50		30	12977	4591	0	-1	0	0		-1	0	0	0	0	0	0	0
yewai_20_4	流氓		1013		50		30	12632	4534	0	-1	0	0		-1	0	0	0	0	0	0	0
yewai_20_4	流氓		1013		50		30	12808	5112	0	-1	0	0		-1	0	0	0	0	0	0	0
yewai_20_4	流氓		1013		50		30	12101	5246	0	-1	0	0		-1	0	0	0	0	0	0	0
yewai_20_4	流氓		1013		50		30	12361	5118	0	-1	0	0		-1	0	0	0	0	0	0	0
yewai_20_4	流氓		1013		50		30	12358	4794	0	-1	0	0		-1	0	0	0	0	0	0	0
yewai_20_4	流氓		1013		50		30	12571	4974	0	-1	0	0		-1	0	0	0	0	0	0	0
yewai_20_4	流氓		1013		50		30	12788	4785	0	-1	0	0		-1	0	0	0	0	0	0	0
yewai_20_4	流氓		1013		50		30	6852	4550	0	-1	0	0		-1	0	0	0	0	0	0	0
yewai_20_4	流氓		1013		50		30	7098	4434	0	-1	0	0		-1	0	0	0	0	0	0	0
yewai_20_4	流氓		1013		50		30	7276	4591	0	-1	0	0		-1	0	0	0	0	0	0	0
yewai_20_4	流氓		1013		50		30	7470	4140	0	-1	0	0		-1	0	0	0	0	0	0	0
yewai_20_4	流氓		1013		50		30	7146	4056	0	-1	0	0		-1	0	0	0	0	0	0	0
yewai_20_4	流氓		1013		50		30	6820	4043	0	-1	0	0		-1	0	0	0	0	0	0	0
yewai_20_4	流氓		1013		50		30	7356	4312	0	-1	0	0		-1	0	0	0	0	0	0	0
yewai_20_4	流氓		1013		50		30	6907	4262	0	-1	0	0		-1	0	0	0	0	0	0	0
