Index	NpcName	TitleID	NpcTemplateId	WalkNearLength	CanAutoPath	NpcLevel	XPos	YPos	StandDir	Quantity	NpcType	NpcCamp	NpcDroprate	NpcSeriesAuto	NpcSeriesMetal	NpcSeriesWood	NpcSeriesWater	NpcSeriesFire	NpcSeriesEarth	Removewhendeath	ChangeColorScheme	HideTaskId
yewai_180_3	朔北药农		3802	50		190	9634	16839	0	0	-1	0	0	-1	0	0	0	0	0	0	0	
yewai_180_3	朔北药农		3802	50		190	9344	16744	0	0	-1	0	0	-1	0	0	0	0	0	0	0	
yewai_180_3	朔北药农		3802	50		190	9228	16389	0	0	-1	0	0	-1	0	0	0	0	0	0	0	
yewai_180_3	朔北药农		3802	50		190	9968	16636	0	0	-1	0	0	-1	0	0	0	0	0	0	0	
yewai_180_3	朔北药农		3802	50		190	8974	16686	0	0	-1	0	0	-1	0	0	0	0	0	0	0	
yewai_180_3	朔北药农		3802	50		190	9569	16454	0	0	-1	0	0	-1	0	0	0	0	0	0	0	
yewai_180_3	朔北药农		3802	50		190	9895	16222	0	0	-1	0	0	-1	0	0	0	0	0	0	0	
yewai_180_3	朔北药农		3802	50		190	9206	16070	0	0	-1	0	0	-1	0	0	0	0	0	0	0	
yewai_180_3	朔北药农		3802	50		190	9540	16143	0	0	-1	0	0	-1	0	0	0	0	0	0	0	
yewai_180_3	朔北药农		3802	50		190	9816	15947	0	0	-1	0	0	-1	0	0	0	0	0	0	0	
yewai_180_3	朔北药农		3802	50		190	8902	15831	0	0	-1	0	0	-1	0	0	0	0	0	0	0	
yewai_180_3	朔北药农		3802	50		190	9344	15874	0	0	-1	0	0	-1	0	0	0	0	0	0	0	
yewai_180_3	朔北药农		3802	50		190	9605	15758	0	0	-1	0	0	-1	0	0	0	0	0	0	0	
yewai_180_3	朔北药农		3802	50		190	9837	15577	0	0	-1	0	0	-1	0	0	0	0	0	0	0	
yewai_180_3	朔北药农		3802	50		190	9148	15657	0	0	-1	0	0	-1	0	0	0	0	0	0	0	
yewai_180_3	朔北药农		3802	50		190	9409	15519	0	0	-1	0	0	-1	0	0	0	0	0	0	0	
yewai_180_3	朔北药农		3802	50		190	9663	15439	0	0	-1	0	0	-1	0	0	0	0	0	0	0	
yewai_180_3	朔北药农		3802	50		190	9765	16505	0	0	-1	0	0	-1	0	0	0	0	0	0	0	
yewai_180_3	朔北药农		3802	50		190	9083	15468	0	0	-1	0	0	-1	0	0	0	0	0	0	0	
yewai_180_3	朔北药农		3802	50		190	9322	15243	0	0	-1	0	0	-1	0	0	0	0	0	0	0	
yewai_180_3	朔北药农		3802	50		190	13807	14219	0	0	-1	0	0	-1	0	0	0	0	0	0	0	
yewai_180_3	朔北药农		3802	50		190	13597	14064	0	0	-1	0	0	-1	0	0	0	0	0	0	0	
yewai_180_3	朔北药农		3802	50		190	13547	13795	0	0	-1	0	0	-1	0	0	0	0	0	0	0	
yewai_180_3	朔北药农		3802	50		190	13692	13540	0	0	-1	0	0	-1	0	0	0	0	0	0	0	
yewai_180_3	朔北药农		3802	50		190	13887	14019	0	0	-1	0	0	-1	0	0	0	0	0	0	0	
yewai_180_3	朔北药农		3802	50		190	13812	13720	0	0	-1	0	0	-1	0	0	0	0	0	0	0	
yewai_180_3	朔北药农		3802	50		190	14117	14194	0	0	-1	0	0	-1	0	0	0	0	0	0	0	
yewai_180_3	朔北药农		3802	50		190	14356	14189	0	0	-1	0	0	-1	0	0	0	0	0	0	0	
yewai_180_3	朔北药农		3802	50		190	14646	14094	0	0	-1	0	0	-1	0	0	0	0	0	0	0	
yewai_180_3	朔北药农		3802	50		190	14142	13919	0	0	-1	0	0	-1	0	0	0	0	0	0	0	
yewai_180_3	朔北药农		3802	50		190	14371	13909	0	0	-1	0	0	-1	0	0	0	0	0	0	0	
yewai_180_3	朔北药农		3802	50		190	14591	13720	0	0	-1	0	0	-1	0	0	0	0	0	0	0	
yewai_180_3	朔北药农		3802	50		190	14411	13550	0	0	-1	0	0	-1	0	0	0	0	0	0	0	
yewai_180_3	朔北药农		3802	50		190	14152	13705	0	0	-1	0	0	-1	0	0	0	0	0	0	0	
yewai_180_3	朔北药农		3802	50		190	13992	13585	0	0	-1	0	0	-1	0	0	0	0	0	0	0	
yewai_180_3	朔北药农		3802	50		190	5141	13785	0	0	-1	0	0	-1	0	0	0	0	0	0	0	
yewai_180_3	朔北药农		3802	50		190	5000	13587	0	0	-1	0	0	-1	0	0	0	0	0	0	0	
yewai_180_3	朔北药农		3802	50		190	5053	13253	0	0	-1	0	0	-1	0	0	0	0	0	0	0	
yewai_180_3	朔北药农		3802	50		190	5418	13838	0	0	-1	0	0	-1	0	0	0	0	0	0	0	
yewai_180_3	朔北药农		3802	50		190	5326	13600	0	0	-1	0	0	-1	0	0	0	0	0	0	0	
yewai_180_3	朔北药农		3802	50		190	5735	13838	0	0	-1	0	0	-1	0	0	0	0	0	0	0	
yewai_180_3	朔北药农		3802	50		190	6087	13860	0	0	-1	0	0	-1	0	0	0	0	0	0	0	
yewai_180_3	朔北药农		3802	50		190	6091	13530	0	0	-1	0	0	-1	0	0	0	0	0	0	0	
yewai_180_3	朔北药农		3802	50		190	5770	13570	0	0	-1	0	0	-1	0	0	0	0	0	0	0	
yewai_180_3	朔北药农		3802	50		190	5308	13235	0	0	-1	0	0	-1	0	0	0	0	0	0	0	
yewai_180_3	朔北药农		3802	50		190	5585	13521	0	0	-1	0	0	-1	0	0	0	0	0	0	0	
yewai_180_3	朔北药农		3802	50		190	5603	13248	0	0	-1	0	0	-1	0	0	0	0	0	0	0	
yewai_180_3	朔北药农		3802	50		190	5937	13658	0	0	-1	0	0	-1	0	0	0	0	0	0	0	
yewai_180_3	朔北药农		3802	50		190	5845	13292	0	0	-1	0	0	-1	0	0	0	0	0	0	0	
yewai_180_3	朔北药农		3802	50		190	5919	14066	0	0	-1	0	0	-1	0	0	0	0	0	0	0	
yewai_180_3	朔北药农		3802	50		190	6181	12235	0	0	-1	0	0	-1	0	0	0	0	0	0	0	
yewai_180_3	朔北药农		3802	50		190	6503	12228	0	0	-1	0	0	-1	0	0	0	0	0	0	0	
yewai_180_3	朔北药农		3802	50		190	6813	12191	0	0	-1	0	0	-1	0	0	0	0	0	0	0	
yewai_180_3	朔北药农		3802	50		190	6992	11975	0	0	-1	0	0	-1	0	0	0	0	0	0	0	
yewai_180_3	朔北药农		3802	50		190	6912	11696	0	0	-1	0	0	-1	0	0	0	0	0	0	0	
yewai_180_3	朔北药农		3802	50		190	6342	12006	0	0	-1	0	0	-1	0	0	0	0	0	0	0	
yewai_180_3	朔北药农		3802	50		190	6132	11789	0	0	-1	0	0	-1	0	0	0	0	0	0	0	
yewai_180_3	朔北药农		3802	50		190	6101	11306	0	0	-1	0	0	-1	0	0	0	0	0	0	0	
yewai_180_3	朔北药农		3802	50		190	6677	11888	0	0	-1	0	0	-1	0	0	0	0	0	0	0	
yewai_180_3	朔北药农		3802	50		190	6398	11647	0	0	-1	0	0	-1	0	0	0	0	0	0	0	
yewai_180_3	朔北药农		3802	50		190	6701	11479	0	0	-1	0	0	-1	0	0	0	0	0	0	0	
yewai_180_3	朔北药农		3802	50		190	6404	11294	0	0	-1	0	0	-1	0	0	0	0	0	0	0	
yewai_180_3	朔北药农		3802	50		190	6212	11077	0	0	-1	0	0	-1	0	0	0	0	0	0	0	
yewai_180_3	朔北药农		3802	50		190	6256	11517	0	0	-1	0	0	-1	0	0	0	0	0	0	0	
yewai_180_3	朔北药农		3802	50		190	7048	12241	0	0	-1	0	0	-1	0	0	0	0	0	0	0	
yewai_180_3	朔北药农		3802	50		190	9267	13308	0	0	-1	0	0	-1	0	0	0	0	0	0	0	
yewai_180_3	朔北药农		3802	50		190	9111	13002	0	0	-1	0	0	-1	0	0	0	0	0	0	0	
yewai_180_3	朔北药农		3802	50		190	9307	12625	0	0	-1	0	0	-1	0	0	0	0	0	0	0	
yewai_180_3	朔北药农		3802	50		190	9533	13283	0	0	-1	0	0	-1	0	0	0	0	0	0	0	
yewai_180_3	朔北药农		3802	50		190	9825	13323	0	0	-1	0	0	-1	0	0	0	0	0	0	0	
yewai_180_3	朔北药农		3802	50		190	10146	13253	0	0	-1	0	0	-1	0	0	0	0	0	0	0	
yewai_180_3	朔北药农		3802	50		190	9478	12942	0	0	-1	0	0	-1	0	0	0	0	0	0	0	
yewai_180_3	朔北药农		3802	50		190	9744	12921	0	0	-1	0	0	-1	0	0	0	0	0	0	0	
yewai_180_3	朔北药农		3802	50		190	10041	12972	0	0	-1	0	0	-1	0	0	0	0	0	0	0	
yewai_180_3	朔北药农		3802	50		190	9513	12640	0	0	-1	0	0	-1	0	0	0	0	0	0	0	
yewai_180_3	朔北药农		3802	50		190	9800	12645	0	0	-1	0	0	-1	0	0	0	0	0	0	0	
yewai_180_3	朔北药农		3802	50		190	10081	12660	0	0	-1	0	0	-1	0	0	0	0	0	0	0	
yewai_180_3	朔北药农		3802	50		190	10327	13042	0	0	-1	0	0	-1	0	0	0	0	0	0	0	
yewai_180_3	朔北药农		3802	50		190	10332	12781	0	0	-1	0	0	-1	0	0	0	0	0	0	0	
yewai_180_3	朔北药农		3802	50		190	9166	12781	0	0	-1	0	0	-1	0	0	0	0	0	0	0	
yewai_180_3	朔北药农		3802	50		190	7984	14783	0	0	-1	0	0	-1	0	0	0	0	0	0	0	
yewai_180_3	朔北药农		3802	50		190	7756	14534	0	0	-1	0	0	-1	0	0	0	0	0	0	0	
yewai_180_3	朔北药农		3802	50		190	7492	14130	0	0	-1	0	0	-1	0	0	0	0	0	0	0	
yewai_180_3	朔北药农		3802	50		190	8226	14592	0	0	-1	0	0	-1	0	0	0	0	0	0	0	
yewai_180_3	朔北药农		3802	50		190	8491	14291	0	0	-1	0	0	-1	0	0	0	0	0	0	0	
yewai_180_3	朔北药农		3802	50		190	7808	14115	0	0	-1	0	0	-1	0	0	0	0	0	0	0	
yewai_180_3	朔北药农		3802	50		190	7984	14438	0	0	-1	0	0	-1	0	0	0	0	0	0	0	
yewai_180_3	朔北药农		3802	50		190	8175	14122	0	0	-1	0	0	-1	0	0	0	0	0	0	0	
yewai_180_3	朔北药农		3802	50		190	8285	13821	0	0	-1	0	0	-1	0	0	0	0	0	0	0	
yewai_180_3	朔北药农		3802	50		190	7925	13733	0	0	-1	0	0	-1	0	0	0	0	0	0	0	
yewai_180_3	朔北药农		3802	50		190	7675	13880	0	0	-1	0	0	-1	0	0	0	0	0	0	0	
yewai_180_3	朔北药农		3802	50		190	7257	13821	0	0	-1	0	0	-1	0	0	0	0	0	0	0	
yewai_180_3	朔北药农		3802	50		190	7382	13579	0	0	-1	0	0	-1	0	0	0	0	0	0	0	
yewai_180_3	朔北药农		3802	50		190	7786	13432	0	0	-1	0	0	-1	0	0	0	0	0	0	0	
yewai_180_3	朔北药农		3802	50		190	8168	13557	0	0	-1	0	0	-1	0	0	0	0	0	0	0	
yewai_180_3	朔北药农		3802	50		190	11913	14675	0	0	-1	0	0	-1	0	0	0	0	0	0	0	
yewai_180_3	朔北药农		3802	50		190	11766	14549	0	0	-1	0	0	-1	0	0	0	0	0	0	0	
yewai_180_3	朔北药农		3802	50		190	11782	14103	0	0	-1	0	0	-1	0	0	0	0	0	0	0	
yewai_180_3	朔北药农		3802	50		190	12121	14675	0	0	-1	0	0	-1	0	0	0	0	0	0	0	
yewai_180_3	朔北药农		3802	50		190	12410	14640	0	0	-1	0	0	-1	0	0	0	0	0	0	0	
yewai_180_3	朔北药农		3802	50		190	12010	14397	0	0	-1	0	0	-1	0	0	0	0	0	0	0	
yewai_180_3	朔北药农		3802	50		190	12248	14397	0	0	-1	0	0	-1	0	0	0	0	0	0	0	
yewai_180_3	朔北药农		3802	50		190	12420	14133	0	0	-1	0	0	-1	0	0	0	0	0	0	0	
yewai_180_3	朔北药农		3802	50		190	12248	14047	0	0	-1	0	0	-1	0	0	0	0	0	0	0	
yewai_180_3	朔北药农		3802	50		190	12055	14073	0	0	-1	0	0	-1	0	0	0	0	0	0	0	
yewai_180_3	朔北药农		3802	50		190	11893	13835	0	0	-1	0	0	-1	0	0	0	0	0	0	0	
yewai_180_3	朔北药农		3802	50		190	12020	13667	0	0	-1	0	0	-1	0	0	0	0	0	0	0	
yewai_180_3	朔北药农		3802	50		190	12232	13840	0	0	-1	0	0	-1	0	0	0	0	0	0	0	
yewai_180_3	朔北药农		3802	50		190	12465	13708	0	0	-1	0	0	-1	0	0	0	0	0	0	0	
yewai_180_3	朔北药农		3802	50		190	12273	13556	0	0	-1	0	0	-1	0	0	0	0	0	0	0	
yewai_180_3	朔北药农		3802	50		190	14453	12357	0	0	-1	0	0	-1	0	0	0	0	0	0	0	
yewai_180_3	朔北药农		3802	50		190	14779	12382	0	0	-1	0	0	-1	0	0	0	0	0	0	0	
yewai_180_3	朔北药农		3802	50		190	15054	12382	0	0	-1	0	0	-1	0	0	0	0	0	0	0	
yewai_180_3	朔北药农		3802	50		190	14553	12081	0	0	-1	0	0	-1	0	0	0	0	0	0	0	
yewai_180_3	朔北药农		3802	50		190	14797	12043	0	0	-1	0	0	-1	0	0	0	0	0	0	0	
yewai_180_3	朔北药农		3802	50		190	14434	11767	0	0	-1	0	0	-1	0	0	0	0	0	0	0	
yewai_180_3	朔北药农		3802	50		190	14879	11761	0	0	-1	0	0	-1	0	0	0	0	0	0	0	
yewai_180_3	朔北药农		3802	50		190	14697	11655	0	0	-1	0	0	-1	0	0	0	0	0	0	0	
yewai_180_3	朔北药农		3802	50		190	14472	11398	0	0	-1	0	0	-1	0	0	0	0	0	0	0	
yewai_180_3	朔北药农		3802	50		190	14854	11454	0	0	-1	0	0	-1	0	0	0	0	0	0	0	
yewai_180_3	朔北药农		3802	50		190	15054	11272	0	0	-1	0	0	-1	0	0	0	0	0	0	0	
yewai_180_3	朔北药农		3802	50		190	14685	11297	0	0	-1	0	0	-1	0	0	0	0	0	0	0	
yewai_180_3	朔北药农		3802	50		190	14227	12024	0	0	-1	0	0	-1	0	0	0	0	0	0	0	
yewai_180_3	朔北药农		3802	50		190	14189	11711	0	0	-1	0	0	-1	0	0	0	0	0	0	0	
yewai_180_3	朔北药农		3802	50		190	14240	11379	0	0	-1	0	0	-1	0	0	0	0	0	0	0	
yewai_180_4	极地猎人		3803	50		190	7654	4363	0	0	-1	0	0	-1	0	0	0	0	0	0	0	
yewai_180_4	极地猎人		3803	50		190	7486	4166	0	0	-1	0	0	-1	0	0	0	0	0	0	0	
yewai_180_4	极地猎人		3803	50		190	7878	4381	0	0	-1	0	0	-1	0	0	0	0	0	0	0	
yewai_180_4	极地猎人		3803	50		190	8224	4363	0	0	-1	0	0	-1	0	0	0	0	0	0	0	
yewai_180_4	极地猎人		3803	50		190	8462	4251	0	0	-1	0	0	-1	0	0	0	0	0	0	0	
yewai_180_4	极地猎人		3803	50		190	7701	4031	0	0	-1	0	0	-1	0	0	0	0	0	0	0	
yewai_180_4	极地猎人		3803	50		190	7897	4120	0	0	-1	0	0	-1	0	0	0	0	0	0	0	
yewai_180_4	极地猎人		3803	50		190	8187	4101	0	0	-1	0	0	-1	0	0	0	0	0	0	0	
yewai_180_4	极地猎人		3803	50		190	8444	3961	0	0	-1	0	0	-1	0	0	0	0	0	0	0	
yewai_180_4	极地猎人		3803	50		190	8173	3769	0	0	-1	0	0	-1	0	0	0	0	0	0	0	
yewai_180_4	极地猎人		3803	50		190	7453	3900	0	0	-1	0	0	-1	0	0	0	0	0	0	0	
yewai_180_4	极地猎人		3803	50		190	7860	3685	0	0	-1	0	0	-1	0	0	0	0	0	0	0	
yewai_180_4	极地猎人		3803	50		190	8019	3938	0	0	-1	0	0	-1	0	0	0	0	0	0	0	
yewai_180_4	极地猎人		3803	50		190	7677	3783	0	0	-1	0	0	-1	0	0	0	0	0	0	0	
yewai_180_4	极地猎人		3803	50		190	8075	3638	0	0	-1	0	0	-1	0	0	0	0	0	0	0	
yewai_180_4	极地猎人		3803	50		190	7589	3653	0	0	-1	0	0	-1	0	0	0	0	0	0	0	
yewai_180_4	极地猎人		3803	50		190	8318	3947	0	0	-1	0	0	-1	0	0	0	0	0	0	0	
yewai_180_4	极地猎人		3803	50		190	8065	4606	0	0	-1	0	0	-1	0	0	0	0	0	0	0	
yewai_180_4	极地猎人		3803	50		190	7799	4596	0	0	-1	0	0	-1	0	0	0	0	0	0	0	
yewai_180_4	极地猎人		3803	50		190	7495	4344	0	0	-1	0	0	-1	0	0	0	0	0	0	0	
yewai_180_4	极地猎人		3803	50		190	11376	11149	0	0	-1	0	0	-1	0	0	0	0	0	0	0	
yewai_180_4	极地猎人		3803	50		190	11102	10958	0	0	-1	0	0	-1	0	0	0	0	0	0	0	
yewai_180_4	极地猎人		3803	50		190	10968	10499	0	0	-1	0	0	-1	0	0	0	0	0	0	0	
yewai_180_4	极地猎人		3803	50		190	11711	11030	0	0	-1	0	0	-1	0	0	0	0	0	0	0	
yewai_180_4	极地猎人		3803	50		190	11958	10901	0	0	-1	0	0	-1	0	0	0	0	0	0	0	
yewai_180_4	极地猎人		3803	50		190	11293	10736	0	0	-1	0	0	-1	0	0	0	0	0	0	0	
yewai_180_4	极地猎人		3803	50		190	11623	10710	0	0	-1	0	0	-1	0	0	0	0	0	0	0	
yewai_180_4	极地猎人		3803	50		190	11221	10339	0	0	-1	0	0	-1	0	0	0	0	0	0	0	
yewai_180_4	极地猎人		3803	50		190	11561	10349	0	0	-1	0	0	-1	0	0	0	0	0	0	0	
yewai_180_4	极地猎人		3803	50		190	11871	10499	0	0	-1	0	0	-1	0	0	0	0	0	0	0	
yewai_180_4	极地猎人		3803	50		190	12154	10628	0	0	-1	0	0	-1	0	0	0	0	0	0	0	
yewai_180_4	极地猎人		3803	50		190	12046	10179	0	0	-1	0	0	-1	0	0	0	0	0	0	0	
yewai_180_4	极地猎人		3803	50		190	11783	10092	0	0	-1	0	0	-1	0	0	0	0	0	0	0	
yewai_180_4	极地猎人		3803	50		190	11417	10030	0	0	-1	0	0	-1	0	0	0	0	0	0	0	
yewai_180_4	极地猎人		3803	50		190	10943	10164	0	0	-1	0	0	-1	0	0	0	0	0	0	0	
yewai_180_4	极地猎人		3803	50		190	10901	10798	0	0	-1	0	0	-1	0	0	0	0	0	0	0	
yewai_180_4	极地猎人		3803	50		190	11422	10535	0	0	-1	0	0	-1	0	0	0	0	0	0	0	
yewai_180_4	极地猎人		3803	50		190	11520	10958	0	0	-1	0	0	-1	0	0	0	0	0	0	0	
yewai_180_4	极地猎人		3803	50		190	11876	10757	0	0	-1	0	0	-1	0	0	0	0	0	0	0	
yewai_180_4	极地猎人		3803	50		190	11164	10061	0	0	-1	0	0	-1	0	0	0	0	0	0	0	
yewai_180_4	极地猎人		3803	50		190	14013	9714	0	0	-1	0	0	-1	0	0	0	0	0	0	0	
yewai_180_4	极地猎人		3803	50		190	13849	9414	0	0	-1	0	0	-1	0	0	0	0	0	0	0	
yewai_180_4	极地猎人		3803	50		190	14290	9669	0	0	-1	0	0	-1	0	0	0	0	0	0	0	
yewai_180_4	极地猎人		3803	50		190	14109	9386	0	0	-1	0	0	-1	0	0	0	0	0	0	0	
yewai_180_4	极地猎人		3803	50		190	14353	9386	0	0	-1	0	0	-1	0	0	0	0	0	0	0	
yewai_180_4	极地猎人		3803	50		190	13759	9188	0	0	-1	0	0	-1	0	0	0	0	0	0	0	
yewai_180_4	极地猎人		3803	50		190	13974	9137	0	0	-1	0	0	-1	0	0	0	0	0	0	0	
yewai_180_4	极地猎人		3803	50		190	14206	9131	0	0	-1	0	0	-1	0	0	0	0	0	0	0	
yewai_180_4	极地猎人		3803	50		190	14528	9052	0	0	-1	0	0	-1	0	0	0	0	0	0	0	
yewai_180_4	极地猎人		3803	50		190	13646	8843	0	0	-1	0	0	-1	0	0	0	0	0	0	0	
yewai_180_4	极地猎人		3803	50		190	13834	9826	0	0	-1	0	0	-1	0	0	0	0	0	0	0	
yewai_180_4	极地猎人		3803	50		190	13940	8809	0	0	-1	0	0	-1	0	0	0	0	0	0	0	
yewai_180_4	极地猎人		3803	50		190	14240	8832	0	0	-1	0	0	-1	0	0	0	0	0	0	0	
yewai_180_4	极地猎人		3803	50		190	14449	8668	0	0	-1	0	0	-1	0	0	0	0	0	0	0	
yewai_180_4	极地猎人		3803	50		190	14222	9903	0	0	-1	0	0	-1	0	0	0	0	0	0	0	
yewai_180_4	极地猎人		3803	50		190	12977	5781	0	0	-1	0	0	-1	0	0	0	0	0	0	0	
yewai_180_4	极地猎人		3803	50		190	12692	5577	0	0	-1	0	0	-1	0	0	0	0	0	0	0	
yewai_180_4	极地猎人		3803	50		190	13321	5571	0	0	-1	0	0	-1	0	0	0	0	0	0	0	
yewai_180_4	极地猎人		3803	50		190	12989	5426	0	0	-1	0	0	-1	0	0	0	0	0	0	0	
yewai_180_4	极地猎人		3803	50		190	12669	5240	0	0	-1	0	0	-1	0	0	0	0	0	0	0	
yewai_180_4	极地猎人		3803	50		190	13309	5240	0	0	-1	0	0	-1	0	0	0	0	0	0	0	
yewai_180_4	极地猎人		3803	50		190	12890	5106	0	0	-1	0	0	-1	0	0	0	0	0	0	0	
yewai_180_4	极地猎人		3803	50		190	13193	4995	0	0	-1	0	0	-1	0	0	0	0	0	0	0	
yewai_180_4	极地猎人		3803	50		190	12657	4937	0	0	-1	0	0	-1	0	0	0	0	0	0	0	
yewai_180_4	极地猎人		3803	50		190	12744	4640	0	0	-1	0	0	-1	0	0	0	0	0	0	0	
yewai_180_4	极地猎人		3803	50		190	12983	4786	0	0	-1	0	0	-1	0	0	0	0	0	0	0	
yewai_180_4	极地猎人		3803	50		190	13396	4797	0	0	-1	0	0	-1	0	0	0	0	0	0	0	
yewai_180_4	极地猎人		3803	50		190	13175	4658	0	0	-1	0	0	-1	0	0	0	0	0	0	0	
yewai_180_4	极地猎人		3803	50		190	13088	5193	0	0	-1	0	0	-1	0	0	0	0	0	0	0	
yewai_180_4	极地猎人		3803	50		190	13128	5536	0	0	-1	0	0	-1	0	0	0	0	0	0	0	
yewai_180_4	极地猎人		3803	50		190	10927	5561	0	0	-1	0	0	-1	0	0	0	0	0	0	0	
yewai_180_4	极地猎人		3803	50		190	11252	5496	0	0	-1	0	0	-1	0	0	0	0	0	0	0	
yewai_180_4	极地猎人		3803	50		190	11512	5277	0	0	-1	0	0	-1	0	0	0	0	0	0	0	
yewai_180_4	极地猎人		3803	50		190	10822	5196	0	0	-1	0	0	-1	0	0	0	0	0	0	0	
yewai_180_4	极地猎人		3803	50		190	11090	5131	0	0	-1	0	0	-1	0	0	0	0	0	0	0	
yewai_180_4	极地猎人		3803	50		190	11463	4977	0	0	-1	0	0	-1	0	0	0	0	0	0	0	
yewai_180_4	极地猎人		3803	50		190	11090	4823	0	0	-1	0	0	-1	0	0	0	0	0	0	0	
yewai_180_4	极地猎人		3803	50		190	11382	4668	0	0	-1	0	0	-1	0	0	0	0	0	0	0	
yewai_180_4	极地猎人		3803	50		190	11049	4457	0	0	-1	0	0	-1	0	0	0	0	0	0	0	
yewai_180_4	极地猎人		3803	50		190	11333	4327	0	0	-1	0	0	-1	0	0	0	0	0	0	0	
yewai_180_4	极地猎人		3803	50		190	11650	4814	0	0	-1	0	0	-1	0	0	0	0	0	0	0	
yewai_180_4	极地猎人		3803	50		190	11277	5139	0	0	-1	0	0	-1	0	0	0	0	0	0	0	
yewai_180_4	极地猎人		3803	50		190	11130	4165	0	0	-1	0	0	-1	0	0	0	0	0	0	0	
yewai_180_4	极地猎人		3803	50		190	11561	5667	0	0	-1	0	0	-1	0	0	0	0	0	0	0	
yewai_180_4	极地猎人		3803	50		190	10854	4928	0	0	-1	0	0	-1	0	0	0	0	0	0	0	
yewai_180_4	极地猎人		3803	50		190	5520	8741	0	0	-1	0	0	-1	0	0	0	0	0	0	0	
yewai_180_4	极地猎人		3803	50		190	5884	8817	0	0	-1	0	0	-1	0	0	0	0	0	0	0	
yewai_180_4	极地猎人		3803	50		190	6152	8811	0	0	-1	0	0	-1	0	0	0	0	0	0	0	
yewai_180_4	极地猎人		3803	50		190	6529	8715	0	0	-1	0	0	-1	0	0	0	0	0	0	0	
yewai_180_4	极地猎人		3803	50		190	6708	8441	0	0	-1	0	0	-1	0	0	0	0	0	0	0	
yewai_180_4	极地猎人		3803	50		190	6708	8102	0	0	-1	0	0	-1	0	0	0	0	0	0	0	
yewai_180_4	极地猎人		3803	50		190	6344	7974	0	0	-1	0	0	-1	0	0	0	0	0	0	0	
yewai_180_4	极地猎人		3803	50		190	6408	8377	0	0	-1	0	0	-1	0	0	0	0	0	0	0	
yewai_180_4	极地猎人		3803	50		190	6203	8587	0	0	-1	0	0	-1	0	0	0	0	0	0	0	
yewai_180_4	极地猎人		3803	50		190	5903	8549	0	0	-1	0	0	-1	0	0	0	0	0	0	0	
yewai_180_4	极地猎人		3803	50		190	5590	8447	0	0	-1	0	0	-1	0	0	0	0	0	0	0	
yewai_180_4	极地猎人		3803	50		190	5475	8166	0	0	-1	0	0	-1	0	0	0	0	0	0	0	
yewai_180_4	极地猎人		3803	50		190	5795	8230	0	0	-1	0	0	-1	0	0	0	0	0	0	0	
yewai_180_4	极地猎人		3803	50		190	6242	8192	0	0	-1	0	0	-1	0	0	0	0	0	0	0	
yewai_180_4	极地猎人		3803	50		190	5973	8025	0	0	-1	0	0	-1	0	0	0	0	0	0	0	
yewai_180_4	极地猎人		3803	50		190	4970	6140	0	0	-1	0	0	-1	0	0	0	0	0	0	0	
yewai_180_4	极地猎人		3803	50		190	4603	5865	0	0	-1	0	0	-1	0	0	0	0	0	0	0	
yewai_180_4	极地猎人		3803	50		190	5306	5840	0	0	-1	0	0	-1	0	0	0	0	0	0	0	
yewai_180_4	极地猎人		3803	50		190	5018	5773	0	0	-1	0	0	-1	0	0	0	0	0	0	0	
yewai_180_4	极地猎人		3803	50		190	4695	5553	0	0	-1	0	0	-1	0	0	0	0	0	0	0	
yewai_180_4	极地猎人		3803	50		190	4988	5480	0	0	-1	0	0	-1	0	0	0	0	0	0	0	
yewai_180_4	极地猎人		3803	50		190	5336	5333	0	0	-1	0	0	-1	0	0	0	0	0	0	0	
yewai_180_4	极地猎人		3803	50		190	5165	5027	0	0	-1	0	0	-1	0	0	0	0	0	0	0	
yewai_180_4	极地猎人		3803	50		190	4823	5168	0	0	-1	0	0	-1	0	0	0	0	0	0	0	
yewai_180_4	极地猎人		3803	50		190	4566	5137	0	0	-1	0	0	-1	0	0	0	0	0	0	0	
yewai_180_4	极地猎人		3803	50		190	4633	4832	0	0	-1	0	0	-1	0	0	0	0	0	0	0	
yewai_180_4	极地猎人		3803	50		190	4945	4826	0	0	-1	0	0	-1	0	0	0	0	0	0	0	
yewai_180_4	极地猎人		3803	50		190	5391	4881	0	0	-1	0	0	-1	0	0	0	0	0	0	0	
yewai_180_4	极地猎人		3803	50		190	5220	5614	0	0	-1	0	0	-1	0	0	0	0	0	0	0	
yewai_180_4	极地猎人		3803	50		190	5171	6091	0	0	-1	0	0	-1	0	0	0	0	0	0	0	
yewai_180_4	极地猎人		3803	50		190	7298	7003	0	0	-1	0	0	-1	0	0	0	0	0	0	0	
yewai_180_4	极地猎人		3803	50		190	7633	7065	0	0	-1	0	0	-1	0	0	0	0	0	0	0	
yewai_180_4	极地猎人		3803	50		190	7967	7017	0	0	-1	0	0	-1	0	0	0	0	0	0	0	
yewai_180_4	极地猎人		3803	50		190	8329	6983	0	0	-1	0	0	-1	0	0	0	0	0	0	0	
yewai_180_4	极地猎人		3803	50		190	8438	6703	0	0	-1	0	0	-1	0	0	0	0	0	0	0	
yewai_180_4	极地猎人		3803	50		190	8322	6294	0	0	-1	0	0	-1	0	0	0	0	0	0	0	
yewai_180_4	极地猎人		3803	50		190	7940	6382	0	0	-1	0	0	-1	0	0	0	0	0	0	0	
yewai_180_4	极地猎人		3803	50		190	8131	6662	0	0	-1	0	0	-1	0	0	0	0	0	0	0	
yewai_180_4	极地猎人		3803	50		190	7796	6710	0	0	-1	0	0	-1	0	0	0	0	0	0	0	
yewai_180_4	极地猎人		3803	50		190	7462	6737	0	0	-1	0	0	-1	0	0	0	0	0	0	0	
yewai_180_4	极地猎人		3803	50		190	7223	6560	0	0	-1	0	0	-1	0	0	0	0	0	0	0	
yewai_180_4	极地猎人		3803	50		190	7435	6301	0	0	-1	0	0	-1	0	0	0	0	0	0	0	
yewai_180_4	极地猎人		3803	50		190	7605	6526	0	0	-1	0	0	-1	0	0	0	0	0	0	0	
yewai_180_4	极地猎人		3803	50		190	7735	6273	0	0	-1	0	0	-1	0	0	0	0	0	0	0	
yewai_180_4	极地猎人		3803	50		190	8315	6519	0	0	-1	0	0	-1	0	0	0	0	0	0	0	
yewai_180_4	极地猎人		3803	50		190	12286	7911	0	0	-1	0	0	-1	0	0	0	0	0	0	0	
yewai_180_4	极地猎人		3803	50		190	12058	7607	0	0	-1	0	0	-1	0	0	0	0	0	0	0	
yewai_180_4	极地猎人		3803	50		190	12216	7220	0	0	-1	0	0	-1	0	0	0	0	0	0	0	
yewai_180_4	极地猎人		3803	50		190	12622	7930	0	0	-1	0	0	-1	0	0	0	0	0	0	0	
yewai_180_4	极地猎人		3803	50		190	13001	7892	0	0	-1	0	0	-1	0	0	0	0	0	0	0	
yewai_180_4	极地猎人		3803	50		190	13331	7822	0	0	-1	0	0	-1	0	0	0	0	0	0	0	
yewai_180_4	极地猎人		3803	50		190	12444	7537	0	0	-1	0	0	-1	0	0	0	0	0	0	0	
yewai_180_4	极地猎人		3803	50		190	12736	7537	0	0	-1	0	0	-1	0	0	0	0	0	0	0	
yewai_180_4	极地猎人		3803	50		190	13128	7531	0	0	-1	0	0	-1	0	0	0	0	0	0	0	
yewai_180_4	极地猎人		3803	50		190	12419	7258	0	0	-1	0	0	-1	0	0	0	0	0	0	0	
yewai_180_4	极地猎人		3803	50		190	12767	7246	0	0	-1	0	0	-1	0	0	0	0	0	0	0	
yewai_180_4	极地猎人		3803	50		190	12830	7759	0	0	-1	0	0	-1	0	0	0	0	0	0	0	
yewai_180_4	极地猎人		3803	50		190	12957	7309	0	0	-1	0	0	-1	0	0	0	0	0	0	0	
yewai_180_4	极地猎人		3803	50		190	12261	7619	0	0	-1	0	0	-1	0	0	0	0	0	0	0	
yewai_180_4	极地猎人		3803	50		190	13198	7176	0	0	-1	0	0	-1	0	0	0	0	0	0	0	
