Index	NpcName	TitleID	NpcTemplateId	WalkNearLength	CanAutoPath	NpcLevel	XPos	YPos	StandDir	Quantity	NpcType	NpcCamp	NpcDroprate	NpcSeriesAuto	NpcSeriesMetal	NpcSeriesWood	NpcSeriesWater	NpcSeriesFire	NpcSeriesEarth	Removewhendeath	ChangeColorScheme
caiji_guoshu	浆果		1252	50	1	50	12535	8215	0	-1	0	0		0	0	0	0	0	0	0	0
yewai_40_1	女舞者		1022	50		50	2321	12210	0	-1	0	0		-1	0	0	0	0	0	0	0
yewai_40_1	女舞者		1022	50		50	4313	11050	0	-1	0	0		-1	0	0	0	0	0	0	0
yewai_40_1	女舞者		1022	50		50	1822	9899	0	-1	0	0		-1	0	0	0	0	0	0	0
yewai_40_1	女舞者		1022	50		50	1631	10546	0	-1	0	0		-1	0	0	0	0	0	0	0
yewai_40_1	女舞者		1022	50		50	1538	9956	0	-1	0	0		-1	0	0	0	0	0	0	0
yewai_40_1	女舞者		1022	50		50	2012	10456	0	-1	0	0		-1	0	0	0	0	0	0	0
yewai_40_1	女舞者		1022	50		50	2178	10643	0	-1	0	0		-1	0	0	0	0	0	0	0
yewai_40_1	女舞者		1022	50		50	2487	10574	0	-1	0	0		-1	0	0	0	0	0	0	0
yewai_40_1	女舞者		1022	50		50	1506	10265	0	-1	0	0		-1	0	0	0	0	0	0	0
yewai_40_1	女舞者		1022	50		50	1714	10294	0	-1	0	0		-1	0	0	0	0	0	0	0
yewai_40_1	女舞者		1022	50		50	1994	10168	0	-1	0	0		-1	0	0	0	0	0	0	0
yewai_40_1	女舞者		1022	50		50	2296	10402	0	-1	0	0		-1	0	0	0	0	0	0	0
yewai_40_1	女舞者		1022	50		50	2104	9958	0	-1	0	0		-1	0	0	0	0	0	0	0
yewai_40_1	女舞者		1022	50		50	2286	10187	0	-1	0	0		-1	0	0	0	0	0	0	0
yewai_40_1	女舞者		1022	50		50	2422	10004	0	-1	0	0		-1	0	0	0	0	0	0	0
yewai_40_1	女舞者		1022	50		50	2490	10314	0	-1	0	0		-1	0	0	0	0	0	0	0
yewai_40_1	女舞者		1022	50		50	4396	9791	0	-1	0	0		-1	0	0	0	0	0	0	0
yewai_40_1	女舞者		1022	50		50	3880	11493	0	-1	0	0		-1	0	0	0	0	0	0	0
yewai_40_1	女舞者		1022	50		50	4120	11882	0	-1	0	0		-1	0	0	0	0	0	0	0
yewai_40_1	女舞者		1022	50		50	4034	11706	0	-1	0	0		-1	0	0	0	0	0	0	0
yewai_40_1	女舞者		1022	50		50	3851	11865	0	-1	0	0		-1	0	0	0	0	0	0	0
yewai_40_1	女舞者		1022	50		50	2512	12749	0	-1	0	0		-1	0	0	0	0	0	0	0
yewai_40_1	女舞者		1022	50		50	2777	12709	0	-1	0	0		-1	0	0	0	0	0	0	0
yewai_40_1	女舞者		1022	50		50	1829	12088	0	-1	0	0		-1	0	0	0	0	0	0	0
yewai_40_1	女舞者		1022	50		50	2094	11982	0	-1	0	0		-1	0	0	0	0	0	0	0
yewai_40_1	女舞者		1022	50		50	1679	12608	0	-1	0	0		-1	0	0	0	0	0	0	0
yewai_40_1	女舞者		1022	50		50	1825	12890	0	-1	0	0		-1	0	0	0	0	0	0	0
yewai_40_1	女舞者		1022	50		50	1961	12683	0	-1	0	0		-1	0	0	0	0	0	0	0
yewai_40_1	女舞者		1022	50		50	2252	12784	0	-1	0	0		-1	0	0	0	0	0	0	0
yewai_40_1	女舞者		1022	50		50	2230	12546	0	-1	0	0		-1	0	0	0	0	0	0	0
yewai_40_1	女舞者		1022	50		50	1666	12295	0	-1	0	0		-1	0	0	0	0	0	0	0
yewai_40_1	女舞者		1022	50		50	1900	12458	0	-1	0	0		-1	0	0	0	0	0	0	0
yewai_40_1	女舞者		1022	50		50	2089	12278	0	-1	0	0		-1	0	0	0	0	0	0	0
yewai_40_1	女舞者		1022	50		50	2036	12969	0	-1	0	0		-1	0	0	0	0	0	0	0
yewai_40_1	女舞者		1022	50		50	2336	13005	0	-1	0	0		-1	0	0	0	0	0	0	0
yewai_40_1	女舞者		1022	50		50	2627	12925	0	-1	0	0		-1	0	0	0	0	0	0	0
yewai_40_1	女舞者		1022	50		50	2442	11969	0	-1	0	0		-1	0	0	0	0	0	0	0
yewai_40_1	女舞者		1022	50		50	2653	12110	0	-1	0	0		-1	0	0	0	0	0	0	0
yewai_40_1	女舞者		1022	50		50	2733	12401	0	-1	0	0		-1	0	0	0	0	0	0	0
yewai_40_1	女舞者		1022	50		50	2477	12463	0	-1	0	0		-1	0	0	0	0	0	0	0
yewai_40_1	女舞者		1022	50		50	5965	12884	0	-1	0	0		-1	0	0	0	0	0	0	0
yewai_40_1	女舞者		1022	50		50	5736	12598	0	-1	0	0		-1	0	0	0	0	0	0	0
yewai_40_1	女舞者		1022	50		50	5408	13062	0	-1	0	0		-1	0	0	0	0	0	0	0
yewai_40_1	女舞者		1022	50		50	5900	13413	0	-1	0	0		-1	0	0	0	0	0	0	0
yewai_40_1	女舞者		1022	50		50	7702	11609	0	-1	0	0		-1	0	0	0	0	0	0	0
yewai_40_1	女舞者		1022	50		50	7237	11363	0	-1	0	0		-1	0	0	0	0	0	0	0
yewai_40_1	女舞者		1022	50		50	7219	11095	0	-1	0	0		-1	0	0	0	0	0	0	0
yewai_40_1	女舞者		1022	50		50	11707	11291	0	-1	0	0		-1	0	0	0	0	0	0	0
yewai_40_1	女舞者		1022	50		50	12211	11021	0	-1	0	0		-1	0	0	0	0	0	0	0
yewai_40_1	女舞者		1022	50		50	11886	11083	0	-1	0	0		-1	0	0	0	0	0	0	0
yewai_40_1	女舞者		1022	50		50	12004	11543	0	-1	0	0		-1	0	0	0	0	0	0	0
yewai_40_1	女舞者		1022	50		50	12542	10988	0	-1	0	0		-1	0	0	0	0	0	0	0
yewai_40_1	女舞者		1022	50		50	12559	11291	0	-1	0	0		-1	0	0	0	0	0	0	0
yewai_40_1	女舞者		1022	50		50	12172	11307	0	-1	0	0		-1	0	0	0	0	0	0	0
yewai_40_1	女舞者		1022	50		50	11679	11599	0	-1	0	0		-1	0	0	0	0	0	0	0
yewai_40_1	女舞者		1022	50		50	12531	11565	0	-1	0	0		-1	0	0	0	0	0	0	0
yewai_40_1	女舞者		1022	50		50	12430	11884	0	-1	0	0		-1	0	0	0	0	0	0	0
yewai_40_1	女舞者		1022	50		50	12161	11912	0	-1	0	0		-1	0	0	0	0	0	0	0
yewai_40_1	女舞者		1022	50		50	11869	11828	0	-1	0	0		-1	0	0	0	0	0	0	0
yewai_40_1	女舞者		1022	50		50	12666	11773	0	-1	0	0		-1	0	0	0	0	0	0	0
yewai_40_1	女舞者		1022	50		50	12282	11611	0	-1	0	0		-1	0	0	0	0	0	0	0
yewai_40_1	女舞者		1022	50		50	12735	11393	0	-1	0	0		-1	0	0	0	0	0	0	0
yewai_40_1	女舞者		1022	50		50	11717	9686	0	-1	0	0		-1	0	0	0	0	0	0	0
yewai_40_1	女舞者		1022	50		50	11443	8820	0	-1	0	0		-1	0	0	0	0	0	0	0
yewai_40_1	女舞者		1022	50		50	11474	9451	0	-1	0	0		-1	0	0	0	0	0	0	0
yewai_40_1	女舞者		1022	50		50	12310	9367	0	-1	0	0		-1	0	0	0	0	0	0	0
yewai_40_1	女舞者		1022	50		50	11425	9196	0	-1	0	0		-1	0	0	0	0	0	0	0
yewai_40_1	女舞者		1022	50		50	12010	9483	0	-1	0	0		-1	0	0	0	0	0	0	0
yewai_40_1	女舞者		1022	50		50	11734	8654	0	-1	0	0		-1	0	0	0	0	0	0	0
yewai_40_1	女舞者		1022	50		50	12021	8724	0	-1	0	0		-1	0	0	0	0	0	0	0
yewai_40_1	女舞者		1022	50		50	11747	9261	0	-1	0	0		-1	0	0	0	0	0	0	0
yewai_40_1	女舞者		1022	50		50	11826	9006	0	-1	0	0		-1	0	0	0	0	0	0	0
yewai_40_1	女舞者		1022	50		50	12149	9170	0	-1	0	0		-1	0	0	0	0	0	0	0
yewai_40_1	女舞者		1022	50		50	12409	8904	0	-1	0	0		-1	0	0	0	0	0	0	0
yewai_40_1	女舞者		1022	50		50	12567	9295	0	-1	0	0		-1	0	0	0	0	0	0	0
yewai_40_1	女舞者		1022	50		50	12347	9663	0	-1	0	0		-1	0	0	0	0	0	0	0
yewai_40_1	女舞者		1022	50		50	11979	9770	0	-1	0	0		-1	0	0	0	0	0	0	0
yewai_40_1	女舞者		1022	50		50	11061	7748	0	-1	0	0		-1	0	0	0	0	0	0	0
yewai_40_1	女舞者		1022	50		50	10842	7920	0	-1	0	0		-1	0	0	0	0	0	0	0
yewai_40_1	女舞者		1022	50		50	10758	7571	0	-1	0	0		-1	0	0	0	0	0	0	0
yewai_40_1	女舞者		1022	50		50	11222	7472	0	-1	0	0		-1	0	0	0	0	0	0	0
yewai_40_1	女舞者		1022	50		50	8053	9463	0	-1	0	0		-1	0	0	0	0	0	0	0
yewai_40_1	女舞者		1022	50		50	8338	9498	0	-1	0	0		-1	0	0	0	0	0	0	0
yewai_40_1	女舞者		1022	50		50	11461	7206	0	-1	0	0		-1	0	0	0	0	0	0	0
yewai_40_1	女舞者		1022	50		50	3696	9379	0	-1	0	0		-1	0	0	0	0	0	0	0
yewai_40_1	女舞者		1022	50		50	3971	9287	0	-1	0	0		-1	0	0	0	0	0	0	0
yewai_40_1	女舞者		1022	50		50	3938	9621	0	-1	0	0		-1	0	0	0	0	0	0	0
yewai_40_1	女舞者		1022	50		50	4109	9818	0	-1	0	0		-1	0	0	0	0	0	0	0
yewai_40_1	女舞者		1022	50		50	4247	9517	0	-1	0	0		-1	0	0	0	0	0	0	0
yewai_40_1	女舞者		1022	50		50	3729	9747	0	-1	0	0		-1	0	0	0	0	0	0	0
yewai_40_1	女舞者		1022	50		50	4460	9438	0	-1	0	0		-1	0	0	0	0	0	0	0
yewai_40_1	女舞者		1022	50		50	4289	9212	0	-1	0	0		-1	0	0	0	0	0	0	0
yewai_40_1	女舞者		1022	50		50	4618	9713	0	-1	0	0		-1	0	0	0	0	0	0	0
yewai_40_1	女舞者		1022	50		50	4663	9475	0	-1	0	0		-1	0	0	0	0	0	0	0
yewai_40_1	女舞者		1022	50		50	3760	9095	0	-1	0	0		-1	0	0	0	0	0	0	0
yewai_40_1	女舞者		1022	50		50	4067	9005	0	-1	0	0		-1	0	0	0	0	0	0	0
yewai_40_1	女舞者		1022	50		50	4451	8991	0	-1	0	0		-1	0	0	0	0	0	0	0
yewai_40_1	女舞者		1022	50		50	4623	9190	0	-1	0	0		-1	0	0	0	0	0	0	0
yewai_40_1	女舞者		1022	50		50	5502	13375	0	-1	0	0		-1	0	0	0	0	0	0	0
yewai_40_1	女舞者		1022	50		50	5460	12610	0	-1	0	0		-1	0	0	0	0	0	0	0
yewai_40_1	女舞者		1022	50		50	5687	13213	0	-1	0	0		-1	0	0	0	0	0	0	0
yewai_40_1	女舞者		1022	50		50	5668	12907	0	-1	0	0		-1	0	0	0	0	0	0	0
yewai_40_1	女舞者		1022	50		50	6104	12592	0	-1	0	0		-1	0	0	0	0	0	0	0
yewai_40_1	女舞者		1022	50		50	6396	12657	0	-1	0	0		-1	0	0	0	0	0	0	0
yewai_40_1	女舞者		1022	50		50	6507	13023	0	-1	0	0		-1	0	0	0	0	0	0	0
yewai_40_1	女舞者		1022	50		50	6438	13329	0	-1	0	0		-1	0	0	0	0	0	0	0
yewai_40_1	女舞者		1022	50		50	6169	13398	0	-1	0	0		-1	0	0	0	0	0	0	0
yewai_40_1	女舞者		1022	50		50	5993	13194	0	-1	0	0		-1	0	0	0	0	0	0	0
yewai_40_1	女舞者		1022	50		50	6201	13000	0	-1	0	0		-1	0	0	0	0	0	0	0
yewai_40_1	女舞者		1022	50		50	1886	10603	0	-1	0	0		-1	0	0	0	0	0	0	0
yewai_40_1	女舞者		1022	50		50	11429	7887	0	-1	0	0		-1	0	0	0	0	0	0	0
yewai_40_1	女舞者		1022	50		50	11763	7707	0	-1	0	0		-1	0	0	0	0	0	0	0
yewai_40_1	女舞者		1022	50		50	11187	7207	0	-1	0	0		-1	0	0	0	0	0	0	0
yewai_40_1	女舞者		1022	50		50	10937	7445	0	-1	0	0		-1	0	0	0	0	0	0	0
yewai_40_1	女舞者		1022	50		50	11412	7686	0	-1	0	0		-1	0	0	0	0	0	0	0
yewai_40_1	女舞者		1022	50		50	11613	7453	0	-1	0	0		-1	0	0	0	0	0	0	0
yewai_40_1	女舞者		1022	50		50	11821	7307	0	-1	0	0		-1	0	0	0	0	0	0	0
yewai_40_1	女舞者		1022	50		50	11921	7524	0	-1	0	0		-1	0	0	0	0	0	0	0
yewai_40_1	女舞者		1022	50		50	11604	7011	0	-1	0	0		-1	0	0	0	0	0	0	0
yewai_40_1	女舞者		1022	50		50	7311	13339	0	-1	0	0		-1	0	0	0	0	0	0	0
yewai_40_1	女舞者		1022	50		50	7646	13388	0	-1	0	0		-1	0	0	0	0	0	0	0
yewai_40_1	女舞者		1022	50		50	8054	13402	0	-1	0	0		-1	0	0	0	0	0	0	0
yewai_40_1	女舞者		1022	50		50	7643	13148	0	-1	0	0		-1	0	0	0	0	0	0	0
yewai_40_1	女舞者		1022	50		50	7948	13119	0	-1	0	0		-1	0	0	0	0	0	0	0
yewai_40_1	女舞者		1022	50		50	8236	13089	0	-1	0	0		-1	0	0	0	0	0	0	0
yewai_40_1	女舞者		1022	50		50	7414	12665	0	-1	0	0		-1	0	0	0	0	0	0	0
yewai_40_1	女舞者		1022	50		50	7304	12987	0	-1	0	0		-1	0	0	0	0	0	0	0
yewai_40_1	女舞者		1022	50		50	7728	12890	0	-1	0	0		-1	0	0	0	0	0	0	0
yewai_40_1	女舞者		1022	50		50	7736	12615	0	-1	0	0		-1	0	0	0	0	0	0	0
yewai_40_1	女舞者		1022	50		50	8121	12602	0	-1	0	0		-1	0	0	0	0	0	0	0
yewai_40_1	女舞者		1022	50		50	8065	12850	0	-1	0	0		-1	0	0	0	0	0	0	0
yewai_40_1	女舞者		1022	50		50	8373	13343	0	-1	0	0		-1	0	0	0	0	0	0	0
yewai_40_1	女舞者		1022	50		50	8443	12973	0	-1	0	0		-1	0	0	0	0	0	0	0
yewai_40_1	女舞者		1022	50		50	8404	12711	0	-1	0	0		-1	0	0	0	0	0	0	0
yewai_40_1	女舞者		1022	50		50	4463	11331	0	-1	0	0		-1	0	0	0	0	0	0	0
yewai_40_1	女舞者		1022	50		50	3601	11718	0	-1	0	0		-1	0	0	0	0	0	0	0
yewai_40_1	女舞者		1022	50		50	3584	11411	0	-1	0	0		-1	0	0	0	0	0	0	0
yewai_40_1	女舞者		1022	50		50	3601	11054	0	-1	0	0		-1	0	0	0	0	0	0	0
yewai_40_1	女舞者		1022	50		50	3868	10872	0	-1	0	0		-1	0	0	0	0	0	0	0
yewai_40_1	女舞者		1022	50		50	4170	10889	0	-1	0	0		-1	0	0	0	0	0	0	0
yewai_40_1	女舞者		1022	50		50	3907	11144	0	-1	0	0		-1	0	0	0	0	0	0	0
yewai_40_1	女舞者		1022	50		50	4157	11263	0	-1	0	0		-1	0	0	0	0	0	0	0
yewai_40_1	女舞者		1022	50		50	4238	11547	0	-1	0	0		-1	0	0	0	0	0	0	0
yewai_40_1	女舞者		1022	50		50	4412	11777	0	-1	0	0		-1	0	0	0	0	0	0	0
yewai_40_1	女舞者		1022	50		50	7537	11029	0	-1	0	0		-1	0	0	0	0	0	0	0
yewai_40_1	女舞者		1022	50		50	7684	11365	0	-1	0	0		-1	0	0	0	0	0	0	0
yewai_40_1	女舞者		1022	50		50	8025	11592	0	-1	0	0		-1	0	0	0	0	0	0	0
yewai_40_1	女舞者		1022	50		50	8079	11295	0	-1	0	0		-1	0	0	0	0	0	0	0
yewai_40_1	女舞者		1022	50		50	8386	10852	0	-1	0	0		-1	0	0	0	0	0	0	0
yewai_40_1	女舞者		1022	50		50	8052	10816	0	-1	0	0		-1	0	0	0	0	0	0	0
yewai_40_1	女舞者		1022	50		50	8350	11263	0	-1	0	0		-1	0	0	0	0	0	0	0
yewai_40_1	女舞者		1022	50		50	8323	11588	0	-1	0	0		-1	0	0	0	0	0	0	0
yewai_40_1	女舞者		1022	50		50	7889	11055	0	-1	0	0		-1	0	0	0	0	0	0	0
yewai_40_1	女舞者		1022	50		50	7327	10796	0	-1	0	0		-1	0	0	0	0	0	0	0
yewai_40_1	女舞者		1022	50		50	7732	10792	0	-1	0	0		-1	0	0	0	0	0	0	0
yewai_40_1	女舞者		1022	50		50	7380	11592	0	-1	0	0		-1	0	0	0	0	0	0	0
yewai_40_1	女舞者		1022	50		50	5622	11112	0	-1	0	0		-1	0	0	0	0	0	0	0
yewai_40_1	女舞者		1022	50		50	5443	11521	0	-1	0	0		-1	0	0	0	0	0	0	0
yewai_40_1	女舞者		1022	50		50	5748	11564	0	-1	0	0		-1	0	0	0	0	0	0	0
yewai_40_1	女舞者		1022	50		50	6062	11573	0	-1	0	0		-1	0	0	0	0	0	0	0
yewai_40_1	女舞者		1022	50		50	6224	11326	0	-1	0	0		-1	0	0	0	0	0	0	0
yewai_40_1	女舞者		1022	50		50	5761	11335	0	-1	0	0		-1	0	0	0	0	0	0	0
yewai_40_1	女舞者		1022	50		50	5999	11214	0	-1	0	0		-1	0	0	0	0	0	0	0
yewai_40_1	女舞者		1022	50		50	6143	10513	0	-1	0	0		-1	0	0	0	0	0	0	0
yewai_40_1	女舞者		1022	50		50	5806	10545	0	-1	0	0		-1	0	0	0	0	0	0	0
yewai_40_1	女舞者		1022	50		50	5456	10585	0	-1	0	0		-1	0	0	0	0	0	0	0
yewai_40_1	女舞者		1022	50		50	5357	10935	0	-1	0	0		-1	0	0	0	0	0	0	0
yewai_40_1	女舞者		1022	50		50	5353	11232	0	-1	0	0		-1	0	0	0	0	0	0	0
yewai_40_1	女舞者		1022	50		50	5841	10877	0	-1	0	0		-1	0	0	0	0	0	0	0
yewai_40_1	女舞者		1022	50		50	6231	10777	0	-1	0	0		-1	0	0	0	0	0	0	0
yewai_40_1	女舞者		1022	50		50	6240	11074	0	-1	0	0		-1	0	0	0	0	0	0	0
yewai_40_1	女舞者		1022	50		50	9132	9791	0	-1	0	0		-1	0	0	0	0	0	0	0
yewai_40_1	女舞者		1022	50		50	8522	9848	0	-1	0	0		-1	0	0	0	0	0	0	0
yewai_40_1	女舞者		1022	50		50	8191	9802	0	-1	0	0		-1	0	0	0	0	0	0	0
yewai_40_1	女舞者		1022	50		50	9200	9078	0	-1	0	0		-1	0	0	0	0	0	0	0
yewai_40_1	女舞者		1022	50		50	9236	9476	0	-1	0	0		-1	0	0	0	0	0	0	0
yewai_40_1	女舞者		1022	50		50	8641	8974	0	-1	0	0		-1	0	0	0	0	0	0	0
yewai_40_1	女舞者		1022	50		50	8848	9284	0	-1	0	0		-1	0	0	0	0	0	0	0
yewai_40_1	女舞者		1022	50		50	8946	9005	0	-1	0	0		-1	0	0	0	0	0	0	0
yewai_40_1	女舞者		1022	50		50	8987	9579	0	-1	0	0		-1	0	0	0	0	0	0	0
yewai_40_1	女舞者		1022	50		50	8879	9895	0	-1	0	0		-1	0	0	0	0	0	0	0
yewai_40_1	女舞者		1022	50		50	8693	9610	0	-1	0	0		-1	0	0	0	0	0	0	0
yewai_40_1	女舞者		1022	50		50	8212	9109	0	-1	0	0		-1	0	0	0	0	0	0	0
yewai_40_1	女舞者		1022	50		50	8481	9233	0	-1	0	0		-1	0	0	0	0	0	0	0
yewai_40_1	女舞者		1022	50		50	11104	7994	0	-1	0	0		-1	0	0	0	0	0	0	0
yewai_40_2	大刀侍卫		1023	50		50	1411	8335	0	-1	0	0		-1	0	0	0	0	0	0	0
yewai_40_2	大刀侍卫		1023	50		50	1089	8179	0	-1	0	0		-1	0	0	0	0	0	0	0
yewai_40_2	大刀侍卫		1023	50		50	1094	7872	0	-1	0	0		-1	0	0	0	0	0	0	0
yewai_40_2	大刀侍卫		1023	50		50	1381	8052	0	-1	0	0		-1	0	0	0	0	0	0	0
yewai_40_2	大刀侍卫		1023	50		50	1844	8369	0	-1	0	0		-1	0	0	0	0	0	0	0
yewai_40_2	大刀侍卫		1023	50		50	1674	7599	0	-1	0	0		-1	0	0	0	0	0	0	0
yewai_40_2	大刀侍卫		1023	50		50	1661	8183	0	-1	0	0		-1	0	0	0	0	0	0	0
yewai_40_2	大刀侍卫		1023	50		50	1755	7923	0	-1	0	0		-1	0	0	0	0	0	0	0
yewai_40_2	大刀侍卫		1023	50		50	4328	7978	0	-1	0	0		-1	0	0	0	0	0	0	0
yewai_40_2	大刀侍卫		1023	50		50	4143	7756	0	-1	0	0		-1	0	0	0	0	0	0	0
yewai_40_2	大刀侍卫		1023	50		50	3844	7696	0	-1	0	0		-1	0	0	0	0	0	0	0
yewai_40_2	大刀侍卫		1023	50		50	4230	7188	0	-1	0	0		-1	0	0	0	0	0	0	0
yewai_40_2	大刀侍卫		1023	50		50	3944	7321	0	-1	0	0		-1	0	0	0	0	0	0	0
yewai_40_2	大刀侍卫		1023	50		50	4256	7527	0	-1	0	0		-1	0	0	0	0	0	0	0
yewai_40_2	大刀侍卫		1023	50		50	4655	8015	0	-1	0	0		-1	0	0	0	0	0	0	0
yewai_40_2	大刀侍卫		1023	50		50	4508	7193	0	-1	0	0		-1	0	0	0	0	0	0	0
yewai_40_2	大刀侍卫		1023	50		50	4503	7727	0	-1	0	0		-1	0	0	0	0	0	0	0
yewai_40_2	大刀侍卫		1023	50		50	4613	7460	0	-1	0	0		-1	0	0	0	0	0	0	0
yewai_40_2	大刀侍卫		1023	50		50	4807	7722	0	-1	0	0		-1	0	0	0	0	0	0	0
yewai_40_2	大刀侍卫		1023	50		50	4824	7288	0	-1	0	0		-1	0	0	0	0	0	0	0
yewai_40_2	大刀侍卫		1023	50		50	5000	7565	0	-1	0	0		-1	0	0	0	0	0	0	0
yewai_40_2	大刀侍卫		1023	50		50	4926	7944	0	-1	0	0		-1	0	0	0	0	0	0	0
yewai_40_2	大刀侍卫		1023	50		50	4003	7971	0	-1	0	0		-1	0	0	0	0	0	0	0
yewai_40_2	大刀侍卫		1023	50		50	5225	5237	0	-1	0	0		-1	0	0	0	0	0	0	0
yewai_40_2	大刀侍卫		1023	50		50	5207	5568	0	-1	0	0		-1	0	0	0	0	0	0	0
yewai_40_2	大刀侍卫		1023	50		50	4970	5048	0	-1	0	0		-1	0	0	0	0	0	0	0
yewai_40_2	大刀侍卫		1023	50		50	4681	5781	0	-1	0	0		-1	0	0	0	0	0	0	0
yewai_40_2	大刀侍卫		1023	50		50	4698	6207	0	-1	0	0		-1	0	0	0	0	0	0	0
yewai_40_2	大刀侍卫		1023	50		50	4450	5970	0	-1	0	0		-1	0	0	0	0	0	0	0
yewai_40_2	大刀侍卫		1023	50		50	4373	5580	0	-1	0	0		-1	0	0	0	0	0	0	0
yewai_40_2	大刀侍卫		1023	50		50	4338	5213	0	-1	0	0		-1	0	0	0	0	0	0	0
yewai_40_2	大刀侍卫		1023	50		50	4657	5083	0	-1	0	0		-1	0	0	0	0	0	0	0
yewai_40_2	大刀侍卫		1023	50		50	4805	5344	0	-1	0	0		-1	0	0	0	0	0	0	0
yewai_40_2	大刀侍卫		1023	50		50	4959	5646	0	-1	0	0		-1	0	0	0	0	0	0	0
yewai_40_2	大刀侍卫		1023	50		50	5069	5970	0	-1	0	0		-1	0	0	0	0	0	0	0
yewai_40_2	大刀侍卫		1023	50		50	5062	6220	0	-1	0	0		-1	0	0	0	0	0	0	0
yewai_40_2	大刀侍卫		1023	50		50	5386	6073	0	-1	0	0		-1	0	0	0	0	0	0	0
yewai_40_2	大刀侍卫		1023	50		50	5428	5707	0	-1	0	0		-1	0	0	0	0	0	0	0
yewai_40_2	大刀侍卫		1023	50		50	1976	5897	0	-1	0	0		-1	0	0	0	0	0	0	0
yewai_40_2	大刀侍卫		1023	50		50	1745	5660	0	-1	0	0		-1	0	0	0	0	0	0	0
yewai_40_2	大刀侍卫		1023	50		50	1629	5354	0	-1	0	0		-1	0	0	0	0	0	0	0
yewai_40_2	大刀侍卫		1023	50		50	1888	5185	0	-1	0	0		-1	0	0	0	0	0	0	0
yewai_40_2	大刀侍卫		1023	50		50	2010	5482	0	-1	0	0		-1	0	0	0	0	0	0	0
yewai_40_2	大刀侍卫		1023	50		50	1660	4957	0	-1	0	0		-1	0	0	0	0	0	0	0
yewai_40_2	大刀侍卫		1023	50		50	2649	5102	0	-1	0	0		-1	0	0	0	0	0	0	0
yewai_40_2	大刀侍卫		1023	50		50	2662	5478	0	-1	0	0		-1	0	0	0	0	0	0	0
yewai_40_2	大刀侍卫		1023	50		50	2552	5799	0	-1	0	0		-1	0	0	0	0	0	0	0
yewai_40_2	大刀侍卫		1023	50		50	2395	5375	0	-1	0	0		-1	0	0	0	0	0	0	0
yewai_40_2	大刀侍卫		1023	50		50	2182	5150	0	-1	0	0		-1	0	0	0	0	0	0	0
yewai_40_2	大刀侍卫		1023	50		50	2018	4810	0	-1	0	0		-1	0	0	0	0	0	0	0
yewai_40_2	大刀侍卫		1023	50		50	2413	4816	0	-1	0	0		-1	0	0	0	0	0	0	0
yewai_40_2	大刀侍卫		1023	50		50	2273	5599	0	-1	0	0		-1	0	0	0	0	0	0	0
yewai_40_2	大刀侍卫		1023	50		50	2261	5939	0	-1	0	0		-1	0	0	0	0	0	0	0
yewai_40_2	大刀侍卫		1023	50		50	1798	3019	0	-1	0	0		-1	0	0	0	0	0	0	0
yewai_40_2	大刀侍卫		1023	50		50	1950	1870	0	-1	0	0		-1	0	0	0	0	0	0	0
yewai_40_2	大刀侍卫		1023	50		50	1546	2093	0	-1	0	0		-1	0	0	0	0	0	0	0
yewai_40_2	大刀侍卫		1023	50		50	1516	2761	0	-1	0	0		-1	0	0	0	0	0	0	0
yewai_40_2	大刀侍卫		1023	50		50	1897	2181	0	-1	0	0		-1	0	0	0	0	0	0	0
yewai_40_2	大刀侍卫		1023	50		50	2273	1905	0	-1	0	0		-1	0	0	0	0	0	0	0
yewai_40_2	大刀侍卫		1023	50		50	2038	2873	0	-1	0	0		-1	0	0	0	0	0	0	0
yewai_40_2	大刀侍卫		1023	50		50	1528	2421	0	-1	0	0		-1	0	0	0	0	0	0	0
yewai_40_2	大刀侍卫		1023	50		50	1815	2632	0	-1	0	0		-1	0	0	0	0	0	0	0
yewai_40_2	大刀侍卫		1023	50		50	2180	2243	0	-1	0	0		-1	0	0	0	0	0	0	0
yewai_40_2	大刀侍卫		1023	50		50	3451	1652	0	-1	0	0		-1	0	0	0	0	0	0	0
yewai_40_2	大刀侍卫		1023	50		50	3531	1368	0	-1	0	0		-1	0	0	0	0	0	0	0
yewai_40_2	大刀侍卫		1023	50		50	3822	1182	0	-1	0	0		-1	0	0	0	0	0	0	0
yewai_40_2	大刀侍卫		1023	50		50	4275	1358	0	-1	0	0		-1	0	0	0	0	0	0	0
yewai_40_2	大刀侍卫		1023	50		50	3743	2116	0	-1	0	0		-1	0	0	0	0	0	0	0
yewai_40_2	大刀侍卫		1023	50		50	4358	1608	0	-1	0	0		-1	0	0	0	0	0	0	0
yewai_40_2	大刀侍卫		1023	50		50	4085	1212	0	-1	0	0		-1	0	0	0	0	0	0	0
yewai_40_2	大刀侍卫		1023	50		50	3941	1902	0	-1	0	0		-1	0	0	0	0	0	0	0
yewai_40_2	大刀侍卫		1023	50		50	3700	1790	0	-1	0	0		-1	0	0	0	0	0	0	0
yewai_40_2	大刀侍卫		1023	50		50	3759	1485	0	-1	0	0		-1	0	0	0	0	0	0	0
yewai_40_2	大刀侍卫		1023	50		50	4470	1966	0	-1	0	0		-1	0	0	0	0	0	0	0
yewai_40_2	大刀侍卫		1023	50		50	3989	1602	0	-1	0	0		-1	0	0	0	0	0	0	0
yewai_40_2	大刀侍卫		1023	50		50	6467	1891	0	-1	0	0		-1	0	0	0	0	0	0	0
yewai_40_2	大刀侍卫		1023	50		50	7144	1951	0	-1	0	0		-1	0	0	0	0	0	0	0
yewai_40_2	大刀侍卫		1023	50		50	6618	2556	0	-1	0	0		-1	0	0	0	0	0	0	0
yewai_40_2	大刀侍卫		1023	50		50	6534	2202	0	-1	0	0		-1	0	0	0	0	0	0	0
yewai_40_2	大刀侍卫		1023	50		50	6525	1610	0	-1	0	0		-1	0	0	0	0	0	0	0
yewai_40_2	大刀侍卫		1023	50		50	6874	1641	0	-1	0	0		-1	0	0	0	0	0	0	0
yewai_40_2	大刀侍卫		1023	50		50	6207	1761	0	-1	0	0		-1	0	0	0	0	0	0	0
yewai_40_2	大刀侍卫		1023	50		50	6804	2335	0	-1	0	0		-1	0	0	0	0	0	0	0
yewai_40_2	大刀侍卫		1023	50		50	6703	2094	0	-1	0	0		-1	0	0	0	0	0	0	0
yewai_40_2	大刀侍卫		1023	50		50	6864	1906	0	-1	0	0		-1	0	0	0	0	0	0	0
yewai_40_2	大刀侍卫		1023	50		50	7134	2298	0	-1	0	0		-1	0	0	0	0	0	0	0
yewai_40_2	大刀侍卫		1023	50		50	8856	3547	0	-1	0	0		-1	0	0	0	0	0	0	0
yewai_40_2	大刀侍卫		1023	50		50	8583	3318	0	-1	0	0		-1	0	0	0	0	0	0	0
yewai_40_2	大刀侍卫		1023	50		50	8542	3531	0	-1	0	0		-1	0	0	0	0	0	0	0
yewai_40_2	大刀侍卫		1023	50		50	8777	2707	0	-1	0	0		-1	0	0	0	0	0	0	0
yewai_40_2	大刀侍卫		1023	50		50	8396	2731	0	-1	0	0		-1	0	0	0	0	0	0	0
yewai_40_2	大刀侍卫		1023	50		50	8317	3258	0	-1	0	0		-1	0	0	0	0	0	0	0
yewai_40_2	大刀侍卫		1023	50		50	8405	2994	0	-1	0	0		-1	0	0	0	0	0	0	0
yewai_40_2	大刀侍卫		1023	50		50	9098	3473	0	-1	0	0		-1	0	0	0	0	0	0	0
yewai_40_2	大刀侍卫		1023	50		50	11607	3636	0	-1	0	0		-1	0	0	0	0	0	0	0
yewai_40_2	大刀侍卫		1023	50		50	11232	3187	0	-1	0	0		-1	0	0	0	0	0	0	0
yewai_40_2	大刀侍卫		1023	50		50	11071	3459	0	-1	0	0		-1	0	0	0	0	0	0	0
yewai_40_2	大刀侍卫		1023	50		50	11760	3777	0	-1	0	0		-1	0	0	0	0	0	0	0
yewai_40_2	大刀侍卫		1023	50		50	11191	2926	0	-1	0	0		-1	0	0	0	0	0	0	0
yewai_40_2	大刀侍卫		1023	50		50	11586	3069	0	-1	0	0		-1	0	0	0	0	0	0	0
yewai_40_2	大刀侍卫		1023	50		50	10995	3183	0	-1	0	0		-1	0	0	0	0	0	0	0
yewai_40_2	大刀侍卫		1023	50		50	11497	3828	0	-1	0	0		-1	0	0	0	0	0	0	0
yewai_40_2	大刀侍卫		1023	50		50	12032	5535	0	-1	0	0		-1	0	0	0	0	0	0	0
yewai_40_2	大刀侍卫		1023	50		50	11678	5076	0	-1	0	0		-1	0	0	0	0	0	0	0
yewai_40_2	大刀侍卫		1023	50		50	11928	5255	0	-1	0	0		-1	0	0	0	0	0	0	0
yewai_40_2	大刀侍卫		1023	50		50	11853	5535	0	-1	0	0		-1	0	0	0	0	0	0	0
yewai_40_2	大刀侍卫		1023	50		50	11761	5299	0	-1	0	0		-1	0	0	0	0	0	0	0
yewai_40_2	大刀侍卫		1023	50		50	11455	5351	0	-1	0	0		-1	0	0	0	0	0	0	0
yewai_40_2	大刀侍卫		1023	50		50	11425	5828	0	-1	0	0		-1	0	0	0	0	0	0	0
yewai_40_2	大刀侍卫		1023	50		50	11941	5762	0	-1	0	0		-1	0	0	0	0	0	0	0
yewai_40_2	大刀侍卫		1023	50		50	11469	5137	0	-1	0	0		-1	0	0	0	0	0	0	0
yewai_40_2	大刀侍卫		1023	50		50	11241	5570	0	-1	0	0		-1	0	0	0	0	0	0	0
yewai_40_2	大刀侍卫		1023	50		50	11211	5308	0	-1	0	0		-1	0	0	0	0	0	0	0
yewai_40_2	大刀侍卫		1023	50		50	11705	5718	0	-1	0	0		-1	0	0	0	0	0	0	0
yewai_40_2	大刀侍卫		1023	50		50	11477	5614	0	-1	0	0		-1	0	0	0	0	0	0	0
yewai_40_2	大刀侍卫		1023	50		50	11643	5513	0	-1	0	0		-1	0	0	0	0	0	0	0
yewai_40_2	大刀侍卫		1023	50		50	11652	5889	0	-1	0	0		-1	0	0	0	0	0	0	0
yewai_40_2	大刀侍卫		1023	50		50	6966	2166	0	-1	0	0		-1	0	0	0	0	0	0	0
yewai_40_2	大刀侍卫		1023	50		50	1257	7590	0	-1	0	0		-1	0	0	0	0	0	0	0
yewai_40_2	大刀侍卫		1023	50		50	1438	7808	0	-1	0	0		-1	0	0	0	0	0	0	0
yewai_40_2	大刀侍卫		1023	50		50	2009	7862	0	-1	0	0		-1	0	0	0	0	0	0	0
yewai_40_2	大刀侍卫		1023	50		50	2019	7631	0	-1	0	0		-1	0	0	0	0	0	0	0
yewai_40_2	大刀侍卫		1023	50		50	1964	8152	0	-1	0	0		-1	0	0	0	0	0	0	0
yewai_40_2	大刀侍卫		1023	50		50	2195	8311	0	-1	0	0		-1	0	0	0	0	0	0	0
yewai_40_2	大刀侍卫		1023	50		50	2218	7935	0	-1	0	0		-1	0	0	0	0	0	0	0
yewai_40_2	大刀侍卫		1023	50		50	2014	2487	0	-1	0	0		-1	0	0	0	0	0	0	0
yewai_40_2	大刀侍卫		1023	50		50	2632	2640	0	-1	0	0		-1	0	0	0	0	0	0	0
yewai_40_2	大刀侍卫		1023	50		50	2656	2910	0	-1	0	0		-1	0	0	0	0	0	0	0
yewai_40_2	大刀侍卫		1023	50		50	2262	2540	0	-1	0	0		-1	0	0	0	0	0	0	0
yewai_40_2	大刀侍卫		1023	50		50	2352	2768	0	-1	0	0		-1	0	0	0	0	0	0	0
yewai_40_2	大刀侍卫		1023	50		50	2319	3072	0	-1	0	0		-1	0	0	0	0	0	0	0
yewai_40_2	大刀侍卫		1023	50		50	2067	3143	0	-1	0	0		-1	0	0	0	0	0	0	0
yewai_40_2	大刀侍卫		1023	50		50	2475	2321	0	-1	0	0		-1	0	0	0	0	0	0	0
yewai_40_2	大刀侍卫		1023	50		50	2575	2064	0	-1	0	0		-1	0	0	0	0	0	0	0
yewai_40_2	大刀侍卫		1023	50		50	2756	2383	0	-1	0	0		-1	0	0	0	0	0	0	0
yewai_40_2	大刀侍卫		1023	50		50	4181	1747	0	-1	0	0		-1	0	0	0	0	0	0	0
yewai_40_2	大刀侍卫		1023	50		50	3943	2104	0	-1	0	0		-1	0	0	0	0	0	0	0
yewai_40_2	大刀侍卫		1023	50		50	4221	2030	0	-1	0	0		-1	0	0	0	0	0	0	0
yewai_40_2	大刀侍卫		1023	50		50	6319	2387	0	-1	0	0		-1	0	0	0	0	0	0	0
yewai_40_2	大刀侍卫		1023	50		50	6120	2075	0	-1	0	0		-1	0	0	0	0	0	0	0
yewai_40_2	大刀侍卫		1023	50		50	6939	2561	0	-1	0	0		-1	0	0	0	0	0	0	0
yewai_40_2	大刀侍卫		1023	50		50	8062	3166	0	-1	0	0		-1	0	0	0	0	0	0	0
yewai_40_2	大刀侍卫		1023	50		50	8204	2825	0	-1	0	0		-1	0	0	0	0	0	0	0
yewai_40_2	大刀侍卫		1023	50		50	8209	3501	0	-1	0	0		-1	0	0	0	0	0	0	0
yewai_40_2	大刀侍卫		1023	50		50	9135	3133	0	-1	0	0		-1	0	0	0	0	0	0	0
yewai_40_2	大刀侍卫		1023	50		50	9031	2811	0	-1	0	0		-1	0	0	0	0	0	0	0
yewai_40_2	大刀侍卫		1023	50		50	8767	3010	0	-1	0	0		-1	0	0	0	0	0	0	0
yewai_40_2	大刀侍卫		1023	50		50	8866	3274	0	-1	0	0		-1	0	0	0	0	0	0	0
yewai_40_2	大刀侍卫		1023	50		50	11195	3728	0	-1	0	0		-1	0	0	0	0	0	0	0
yewai_40_2	大刀侍卫		1023	50		50	11351	3559	0	-1	0	0		-1	0	0	0	0	0	0	0
yewai_40_2	大刀侍卫		1023	50		50	11455	3316	0	-1	0	0		-1	0	0	0	0	0	0	0
yewai_40_2	大刀侍卫		1023	50		50	11650	3425	0	-1	0	0		-1	0	0	0	0	0	0	0
yewai_40_2	大刀侍卫		1023	50		50	11802	3230	0	-1	0	0		-1	0	0	0	0	0	0	0
yewai_40_2	大刀侍卫		1023	50		50	11988	3204	0	-1	0	0		-1	0	0	0	0	0	0	0
yewai_40_2	大刀侍卫		1023	50		50	11884	2944	0	-1	0	0		-1	0	0	0	0	0	0	0
yewai_40_2	大刀侍卫		1023	50		50	12005	3446	0	-1	0	0		-1	0	0	0	0	0	0	0
yewai_40_2	大刀侍卫		1023	50		50	11901	3711	0	-1	0	0		-1	0	0	0	0	0	0	0
yewai_40_2	大刀侍卫		1023	50		50	11810	3542	0	-1	0	0		-1	0	0	0	0	0	0	0
yewai_40_2	大刀侍卫		1023	50		50	11690	2850	0	-1	0	0		-1	0	0	0	0	0	0	0
yewai_40_2	大刀侍卫		1023	50		50	11403	2895	0	-1	0	0		-1	0	0	0	0	0	0	0
yewai_40_2	大刀侍卫		1023	50		50	6701	3793	0	-1	0	0		-1	0	0	0	0	0	0	0
yewai_40_2	大刀侍卫		1023	50		50	5944	4431	0	-1	0	0		-1	0	0	0	0	0	0	0
yewai_40_2	大刀侍卫		1023	50		50	6110	4236	0	-1	0	0		-1	0	0	0	0	0	0	0
yewai_40_2	大刀侍卫		1023	50		50	5771	4132	0	-1	0	0		-1	0	0	0	0	0	0	0
yewai_40_2	大刀侍卫		1023	50		50	5984	3897	0	-1	0	0		-1	0	0	0	0	0	0	0
yewai_40_2	大刀侍卫		1023	50		50	6415	4178	0	-1	0	0		-1	0	0	0	0	0	0	0
yewai_40_2	大刀侍卫		1023	50		50	6334	3862	0	-1	0	0		-1	0	0	0	0	0	0	0
yewai_40_2	大刀侍卫		1023	50		50	5984	3598	0	-1	0	0		-1	0	0	0	0	0	0	0
yewai_40_2	大刀侍卫		1023	50		50	5570	3695	0	-1	0	0		-1	0	0	0	0	0	0	0
yewai_40_2	大刀侍卫		1023	50		50	5484	4023	0	-1	0	0		-1	0	0	0	0	0	0	0
yewai_40_2	大刀侍卫		1023	50		50	5622	4385	0	-1	0	0		-1	0	0	0	0	0	0	0
yewai_40_2	大刀侍卫		1023	50		50	6685	4121	0	-1	0	0		-1	0	0	0	0	0	0	0
yewai_40_2	大刀侍卫		1023	50		50	6639	4402	0	-1	0	0		-1	0	0	0	0	0	0	0
yewai_40_2	大刀侍卫		1023	50		50	6369	4454	0	-1	0	0		-1	0	0	0	0	0	0	0
yewai_40_2	大刀侍卫		1023	50		50	6455	3603	0	-1	0	0		-1	0	0	0	0	0	0	0
yewai_40_2	大刀侍卫		1023	50		50	8571	5017	0	-1	0	0		-1	0	0	0	0	0	0	0
yewai_40_2	大刀侍卫		1023	50		50	8228	4884	0	-1	0	0		-1	0	0	0	0	0	0	0
yewai_40_2	大刀侍卫		1023	50		50	8267	5256	0	-1	0	0		-1	0	0	0	0	0	0	0
yewai_40_2	大刀侍卫		1023	50		50	8527	5323	0	-1	0	0		-1	0	0	0	0	0	0	0
yewai_40_2	大刀侍卫		1023	50		50	8296	4576	0	-1	0	0		-1	0	0	0	0	0	0	0
yewai_40_2	大刀侍卫		1023	50		50	8605	4503	0	-1	0	0		-1	0	0	0	0	0	0	0
yewai_40_2	大刀侍卫		1023	50		50	8609	4744	0	-1	0	0		-1	0	0	0	0	0	0	0
yewai_40_2	大刀侍卫		1023	50		50	8836	5019	0	-1	0	0		-1	0	0	0	0	0	0	0
yewai_40_2	大刀侍卫		1023	50		50	9135	5304	0	-1	0	0		-1	0	0	0	0	0	0	0
yewai_40_2	大刀侍卫		1023	50		50	8865	5338	0	-1	0	0		-1	0	0	0	0	0	0	0
yewai_40_2	大刀侍卫		1023	50		50	8901	4789	0	-1	0	0		-1	0	0	0	0	0	0	0
yewai_40_2	大刀侍卫		1023	50		50	9024	4604	0	-1	0	0		-1	0	0	0	0	0	0	0
yewai_40_2	大刀侍卫		1023	50		50	9251	4698	0	-1	0	0		-1	0	0	0	0	0	0	0
yewai_40_2	大刀侍卫		1023	50		50	9275	5094	0	-1	0	0		-1	0	0	0	0	0	0	0
yewai_40_2	大刀侍卫		1023	50		50	9111	4978	0	-1	0	0		-1	0	0	0	0	0	0	0
manzhushahua	曼珠沙华		156	50	1	99	9327	11291	0	-1	0	0		0	0	0	0	0	0	0	0
manzhushahua	曼珠沙华		156	50	1	99	9423	10830	0	-1	0	0		0	0	0	0	0	0	0	0
manzhushahua	曼珠沙华		156	50	1	99	9767	10589	0	-1	0	0		0	0	0	0	0	0	0	0
manzhushahua	曼珠沙华		156	50	1	99	10209	10844	0	-1	0	0		0	0	0	0	0	0	0	0
