TimeFrame	Cross	ShowAwardID	ShowNpcID	ShowName	NpcType	Desc	MapID	Desc2	NpcLevel	SortNum	LinkMapID	NpcRateCount	NpcGroupRateCount	NpcGroupID_1	NpcGroupRate_1	NpcGroupID_2	NpcGroupRate_2	NpcGroupID_3	NpcGroupRate_3	NpcGroupID_4	NpcGroupRate_4	NpcGroupID_5	NpcGroupRate_5	NpcGroupID_6	NpcGroupRate_6	NpcGroupID_7	NpcGroupRate_7	NpcGroupID_8	NpcGroupRate_8
OpenDay3C		1	361		Leader	寒玉鹿王	405	点苍山				1	2	1	1	2	1	3	1	4	1	5	1	6	1	7	1	8	1
OpenDay3C		2	360		Leader	大地狼王	403	洞庭湖				1	2	9	1	10	1	11	1	12	1	13	1	14	1	15	1	16	1
OpenDay3C		3	359		Leader	白眉猴王	404	苗岭				1	2	17	1	18	1	19	1	20	1	21	1	22	1	23	1	24	1
OpenDay6		1	361		Leader	寒玉鹿王	405	点苍山				1	2	773	1	774	1	775	1	776	1	777	1	778	1	779	1	780	1
OpenDay6		2	360		Leader	大地狼王	403	洞庭湖				1	2	781	1	782	1	783	1	784	1	785	1	786	1	787	1	788	1
OpenDay6		3	359		Leader	白眉猴王	404	苗岭				1	2	789	1	790	1	791	1	792	1	793	1	794	1	795	1	796	1
OpenDay6		4	343		Leader	九尾狐王	407	见性峰				1	2	25	1	26	1	27	1	28	1	29	1	30	1	31	1	32	1
OpenDay6		5	341		Leader	双首异兽	406	响水洞				1	2	89	1	90	1	91	1	92	1	93	1	94	1	95	1	96	1
OpenDay6		6	342		Leader	奔焰豹王	408	剑门关				1	2	97	1	98	1	99	1	100	1	101	1	102	1	103	1	104	1
OpenDay15		1	361		Leader	寒玉鹿王	405	点苍山				1	2	773	1	774	1	775	1	776	1	777	1	778	1	779	1	780	1
OpenDay15		2	360		Leader	大地狼王	403	洞庭湖				1	2	781	1	782	1	783	1	784	1	785	1	786	1	787	1	788	1
OpenDay15		3	359		Leader	白眉猴王	404	苗岭				1	2	789	1	790	1	791	1	792	1	793	1	794	1	795	1	796	1
OpenDay15		7	343		Leader	九尾狐王	407	见性峰				1	2	225	1	226	1	227	1	228	1	229	1	230	1	231	1	232	1
OpenDay15		8	341		Leader	双首异兽	406	响水洞				1	2	233	1	234	1	235	1	236	1	237	1	238	1	239	1	240	1
OpenDay15		9	342		Leader	奔焰豹王	408	剑门关				1	2	241	1	242	1	243	1	244	1	245	1	246	1	247	1	248	1
OpenDay35		1	361		Leader	寒玉鹿王	405	点苍山				1	2	201	1	202	1	203	1	204	1	205	1	206	1	207	1	208	1
OpenDay35		2	360		Leader	大地狼王	403	洞庭湖				1	2	209	1	210	1	211	1	212	1	213	1	214	1	215	1	216	1
OpenDay35		3	359		Leader	白眉猴王	404	苗岭				1	2	217	1	218	1	219	1	220	1	221	1	222	1	223	1	224	1
OpenDay35		7	343		Leader	九尾狐王	407	见性峰				1	2	797	1	798	1	799	1	800	1	801	1	802	1	803	1	804	1
OpenDay35		8	341		Leader	双首异兽	406	响水洞				1	2	805	1	806	1	807	1	808	1	809	1	810	1	811	1	812	1
OpenDay35		9	342		Leader	奔焰豹王	408	剑门关				1	2	813	1	814	1	815	1	816	1	817	1	818	1	819	1	820	1
OpenDay35		46	322		Leader	定海金刚	412	古战场				1	2	501	1	502	1	503	1	504	1	505	1	506	1	507	1	508	1
OpenDay35		47	323		Leader	金翅鹏皇	410	荐菊洞				1	2	509	1	510	1	511	1	512	1	513	1	514	1	515	1	516	1
OpenDay35		48	324		Leader	银角犀皇	411	伏牛山				1	2	517	1	518	1	519	1	520	1	521	1	522	1	523	1	524	1
OpenLevel79		1	361		Leader	寒玉鹿王	405	点苍山				1	2	201	1	202	1	203	1	204	1	205	1	206	1	207	1	208	1
OpenLevel79		2	360		Leader	大地狼王	403	洞庭湖				1	2	209	1	210	1	211	1	212	1	213	1	214	1	215	1	216	1
OpenLevel79		3	359		Leader	白眉猴王	404	苗岭				1	2	217	1	218	1	219	1	220	1	221	1	222	1	223	1	224	1
OpenLevel79		7	343		Leader	九尾狐王	407	见性峰				1	2	797	1	798	1	799	1	800	1	801	1	802	1	803	1	804	1
OpenLevel79		8	341		Leader	双首异兽	406	响水洞				1	2	805	1	806	1	807	1	808	1	809	1	810	1	811	1	812	1
OpenLevel79		9	342		Leader	奔焰豹王	408	剑门关				1	2	813	1	814	1	815	1	816	1	817	1	818	1	819	1	820	1
OpenLevel79		49	322		Leader	定海金刚	412	古战场				1	2	525	1	526	1	527	1	528	1	529	1	530	1	531	1	532	1
OpenLevel79		50	323		Leader	金翅鹏皇	410	荐菊洞				1	2	533	1	534	1	535	1	536	1	537	1	538	1	539	1	540	1
OpenLevel79		51	324		Leader	银角犀皇	411	伏牛山				1	2	541	1	542	1	543	1	544	1	545	1	546	1	547	1	548	1
OpenDay116		1	361		Leader	寒玉鹿王	405	点苍山				1	2	201	1	202	1	203	1	204	1	205	1	206	1	207	1	208	1
OpenDay116		2	360		Leader	大地狼王	403	洞庭湖				1	2	209	1	210	1	211	1	212	1	213	1	214	1	215	1	216	1
OpenDay116		3	359		Leader	白眉猴王	404	苗岭				1	2	217	1	218	1	219	1	220	1	221	1	222	1	223	1	224	1
OpenDay116		7	343		Leader	九尾狐王	407	见性峰				1	2	249	1	250	1	251	1	252	1	253	1	254	1	255	1	256	1
OpenDay116		8	341		Leader	双首异兽	406	响水洞				1	2	257	1	258	1	259	1	260	1	261	1	262	1	263	1	264	1
OpenDay116		9	342		Leader	奔焰豹王	408	剑门关				1	2	265	1	266	1	267	1	268	1	269	1	270	1	271	1	272	1
OpenDay116		49	322		Leader	定海金刚	412	古战场				1	2	821	1	822	1	823	1	824	1	825	1	826	1	827	1	828	1
OpenDay116		50	323		Leader	金翅鹏皇	410	荐菊洞				1	2	829	1	830	1	831	1	832	1	833	1	834	1	835	1	836	1
OpenDay116		51	324		Leader	银角犀皇	411	伏牛山				1	2	837	1	838	1	839	1	840	1	841	1	842	1	843	1	844	1
OpenDay116		74	320		Leader	撼天熊皇	415	敦煌古城				1	2	557	1	558	1	559	1	560	1	561	1	562	1	563	1	564	1
OpenDay116		73	319		Leader	赤睛虎皇	414	沙漠遗迹				1	2	549	1	550	1	551	1	552	1	553	1	554	1	555	1	556	1
OpenDay116		75	321		Leader	紫背鳄皇	413	祁连山				1	2	565	1	566	1	567	1	568	1	569	1	570	1	571	1	572	1
OpenLevel99		1	361		Leader	寒玉鹿王	405	点苍山				1	2	201	1	202	1	203	1	204	1	205	1	206	1	207	1	208	1
OpenLevel99		2	360		Leader	大地狼王	403	洞庭湖				1	2	209	1	210	1	211	1	212	1	213	1	214	1	215	1	216	1
OpenLevel99		3	359		Leader	白眉猴王	404	苗岭				1	2	217	1	218	1	219	1	220	1	221	1	222	1	223	1	224	1
OpenLevel99		7	343		Leader	九尾狐王	407	见性峰				1	2	249	1	250	1	251	1	252	1	253	1	254	1	255	1	256	1
OpenLevel99		8	341		Leader	双首异兽	406	响水洞				1	2	257	1	258	1	259	1	260	1	261	1	262	1	263	1	264	1
OpenLevel99		9	342		Leader	奔焰豹王	408	剑门关				1	2	265	1	266	1	267	1	268	1	269	1	270	1	271	1	272	1
OpenLevel99		49	322		Leader	定海金刚	412	古战场				1	2	821	1	822	1	823	1	824	1	825	1	826	1	827	1	828	1
OpenLevel99		50	323		Leader	金翅鹏皇	410	荐菊洞				1	2	829	1	830	1	831	1	832	1	833	1	834	1	835	1	836	1
OpenLevel99		51	324		Leader	银角犀皇	411	伏牛山				1	2	837	1	838	1	839	1	840	1	841	1	842	1	843	1	844	1
OpenLevel99		77	320		Leader	撼天熊皇	415	敦煌古城				1	2	581	1	582	1	583	1	584	1	585	1	586	1	587	1	588	1
OpenLevel99		76	319		Leader	赤睛虎皇	414	沙漠遗迹				1	2	573	1	574	1	575	1	576	1	577	1	578	1	579	1	580	1
OpenLevel99		78	321		Leader	紫背鳄皇	413	祁连山				1	2	589	1	590	1	591	1	592	1	593	1	594	1	595	1	596	1
OpenDay251		1	361		Leader	寒玉鹿王	405	点苍山				1	2	201	1	202	1	203	1	204	1	205	1	206	1	207	1	208	1
OpenDay251		2	360		Leader	大地狼王	403	洞庭湖				1	2	209	1	210	1	211	1	212	1	213	1	214	1	215	1	216	1
OpenDay251		3	359		Leader	白眉猴王	404	苗岭				1	2	217	1	218	1	219	1	220	1	221	1	222	1	223	1	224	1
OpenDay251		7	343		Leader	九尾狐王	407	见性峰				1	2	249	1	250	1	251	1	252	1	253	1	254	1	255	1	256	1
OpenDay251		8	341		Leader	双首异兽	406	响水洞				1	2	257	1	258	1	259	1	260	1	261	1	262	1	263	1	264	1
OpenDay251		9	342		Leader	奔焰豹王	408	剑门关				1	2	265	1	266	1	267	1	268	1	269	1	270	1	271	1	272	1
OpenDay251		49	322		Leader	定海金刚	412	古战场				1	2	597	1	598	1	599	1	600	1	601	1	602	1	603	1	604	1
OpenDay251		50	323		Leader	金翅鹏皇	410	荐菊洞				1	2	605	1	606	1	607	1	608	1	609	1	610	1	611	1	612	1
OpenDay251		51	324		Leader	银角犀皇	411	伏牛山				1	2	613	1	614	1	615	1	616	1	617	1	618	1	619	1	620	1
OpenDay251		77	320		Leader	撼天熊皇	415	敦煌古城				1	2	853	1	854	1	855	1	856	1	857	1	858	1	859	1	860	1
OpenDay251		76	319		Leader	赤睛虎皇	414	沙漠遗迹				1	2	845	1	846	1	847	1	848	1	849	1	850	1	851	1	852	1
OpenDay251		78	321		Leader	紫背鳄皇	413	祁连山				1	2	861	1	862	1	863	1	864	1	865	1	866	1	867	1	868	1
OpenDay251		103	2281		Leader	冰鳞蜥皇	418	长白山				1	2	645	1	646	1	647	1	648	1	649	1	650	1	651	1	652	1
OpenDay251		104	2283		Leader	银钩蝎皇	416	药王谷				1	2	653	1	654	1	655	1	656	1	657	1	658	1	659	1	660	1
OpenDay251		105	2285		Leader	狂鬃獒皇	417	漠北草原				1	2	661	1	662	1	663	1	664	1	665	1	666	1	667	1	668	1
OpenLevel119		1	361		Leader	寒玉鹿王	405	点苍山				1	2	201	1	202	1	203	1	204	1	205	1	206	1	207	1	208	1
OpenLevel119		2	360		Leader	大地狼王	403	洞庭湖				1	2	209	1	210	1	211	1	212	1	213	1	214	1	215	1	216	1
OpenLevel119		3	359		Leader	白眉猴王	404	苗岭				1	2	217	1	218	1	219	1	220	1	221	1	222	1	223	1	224	1
OpenLevel119		7	343		Leader	九尾狐王	407	见性峰				1	2	249	1	250	1	251	1	252	1	253	1	254	1	255	1	256	1
OpenLevel119		8	341		Leader	双首异兽	406	响水洞				1	2	257	1	258	1	259	1	260	1	261	1	262	1	263	1	264	1
OpenLevel119		9	342		Leader	奔焰豹王	408	剑门关				1	2	265	1	266	1	267	1	268	1	269	1	270	1	271	1	272	1
OpenLevel119		49	322		Leader	定海金刚	412	古战场				1	2	597	1	598	1	599	1	600	1	601	1	602	1	603	1	604	1
OpenLevel119		50	323		Leader	金翅鹏皇	410	荐菊洞				1	2	605	1	606	1	607	1	608	1	609	1	610	1	611	1	612	1
OpenLevel119		51	324		Leader	银角犀皇	411	伏牛山				1	2	613	1	614	1	615	1	616	1	617	1	618	1	619	1	620	1
OpenLevel119		77	320		Leader	撼天熊皇	415	敦煌古城				1	2	853	1	854	1	855	1	856	1	857	1	858	1	859	1	860	1
OpenLevel119		76	319		Leader	赤睛虎皇	414	沙漠遗迹				1	2	845	1	846	1	847	1	848	1	849	1	850	1	851	1	852	1
OpenLevel119		78	321		Leader	紫背鳄皇	413	祁连山				1	2	861	1	862	1	863	1	864	1	865	1	866	1	867	1	868	1
OpenLevel119		107	2281		Leader	冰鳞蜥皇	418	长白山				1	2	669	1	670	1	671	1	672	1	673	1	674	1	675	1	676	1
OpenLevel119		108	2283		Leader	银钩蝎皇	416	药王谷				1	2	677	1	678	1	679	1	680	1	681	1	682	1	683	1	684	1
OpenLevel119		109	2285		Leader	狂鬃獒皇	417	漠北草原				1	2	685	1	686	1	687	1	688	1	689	1	690	1	691	1	692	1
OpenLevel129		1	361		Leader	寒玉鹿王	405	点苍山				1	2	201	1	202	1	203	1	204	1	205	1	206	1	207	1	208	1
OpenLevel129		2	360		Leader	大地狼王	403	洞庭湖				1	2	209	1	210	1	211	1	212	1	213	1	214	1	215	1	216	1
OpenLevel129		3	359		Leader	白眉猴王	404	苗岭				1	2	217	1	218	1	219	1	220	1	221	1	222	1	223	1	224	1
OpenLevel129		7	343		Leader	九尾狐王	407	见性峰				1	2	249	1	250	1	251	1	252	1	253	1	254	1	255	1	256	1
OpenLevel129		8	341		Leader	双首异兽	406	响水洞				1	2	257	1	258	1	259	1	260	1	261	1	262	1	263	1	264	1
OpenLevel129		9	342		Leader	奔焰豹王	408	剑门关				1	2	265	1	266	1	267	1	268	1	269	1	270	1	271	1	272	1
OpenLevel129		49	322		Leader	定海金刚	412	古战场				1	2	597	1	598	1	599	1	600	1	601	1	602	1	603	1	604	1
OpenLevel129		50	323		Leader	金翅鹏皇	410	荐菊洞				1	2	605	1	606	1	607	1	608	1	609	1	610	1	611	1	612	1
OpenLevel129		51	324		Leader	银角犀皇	411	伏牛山				1	2	613	1	614	1	615	1	616	1	617	1	618	1	619	1	620	1
OpenLevel129		77	320		Leader	撼天熊皇	415	敦煌古城				1	2	757	1	758	1	759	1	760	1	761	1	762	1	763	1	764	1
OpenLevel129		76	319		Leader	赤睛虎皇	414	沙漠遗迹				1	2	749	1	750	1	751	1	752	1	753	1	754	1	755	1	756	1
OpenLevel129		78	321		Leader	紫背鳄皇	413	祁连山				1	2	765	1	766	1	767	1	768	1	769	1	770	1	771	1	772	1
OpenLevel129		107	2281		Leader	冰鳞蜥皇	418	长白山				1	2	869	1	870	1	871	1	872	1	873	1	874	1	875	1	876	1
OpenLevel129		108	2283		Leader	银钩蝎皇	416	药王谷				1	2	877	1	878	1	879	1	880	1	881	1	882	1	883	1	884	1
OpenLevel129		109	2285		Leader	狂鬃獒皇	417	漠北草原				1	2	885	1	886	1	887	1	888	1	889	1	890	1	891	1	892	1
OpenLevel129		137	2872		Leader	龙纹狮王	423	居延泽				1	2	717	1	718	1	719	1	720	1	721	1	722	1	723	1	724	1
OpenLevel129		138	2871		Leader	巨螯蜂后	424	西夏皇陵				1	2	725	1	726	1	727	1	728	1	729	1	730	1	731	1	732	1
OpenLevel139		1	361		Leader	寒玉鹿王	405	点苍山				1	2	201	1	202	1	203	1	204	1	205	1	206	1	207	1	208	1
OpenLevel139		2	360		Leader	大地狼王	403	洞庭湖				1	2	209	1	210	1	211	1	212	1	213	1	214	1	215	1	216	1
OpenLevel139		3	359		Leader	白眉猴王	404	苗岭				1	2	217	1	218	1	219	1	220	1	221	1	222	1	223	1	224	1
OpenLevel139		7	343		Leader	九尾狐王	407	见性峰				1	2	249	1	250	1	251	1	252	1	253	1	254	1	255	1	256	1
OpenLevel139		8	341		Leader	双首异兽	406	响水洞				1	2	257	1	258	1	259	1	260	1	261	1	262	1	263	1	264	1
OpenLevel139		9	342		Leader	奔焰豹王	408	剑门关				1	2	265	1	266	1	267	1	268	1	269	1	270	1	271	1	272	1
OpenLevel139		49	322		Leader	定海金刚	412	古战场				1	2	597	1	598	1	599	1	600	1	601	1	602	1	603	1	604	1
OpenLevel139		50	323		Leader	金翅鹏皇	410	荐菊洞				1	2	605	1	606	1	607	1	608	1	609	1	610	1	611	1	612	1
OpenLevel139		51	324		Leader	银角犀皇	411	伏牛山				1	2	613	1	614	1	615	1	616	1	617	1	618	1	619	1	620	1
OpenLevel139		77	320		Leader	撼天熊皇	415	敦煌古城				1	2	757	1	758	1	759	1	760	1	761	1	762	1	763	1	764	1
OpenLevel139		76	319		Leader	赤睛虎皇	414	沙漠遗迹				1	2	749	1	750	1	751	1	752	1	753	1	754	1	755	1	756	1
OpenLevel139		78	321		Leader	紫背鳄皇	413	祁连山				1	2	765	1	766	1	767	1	768	1	769	1	770	1	771	1	772	1
OpenLevel139		107	2281		Leader	冰鳞蜥皇	418	长白山				1	2	869	1	870	1	871	1	872	1	873	1	874	1	875	1	876	1
OpenLevel139		108	2283		Leader	银钩蝎皇	416	药王谷				1	2	877	1	878	1	879	1	880	1	881	1	882	1	883	1	884	1
OpenLevel139		109	2285		Leader	狂鬃獒皇	417	漠北草原				1	2	885	1	886	1	887	1	888	1	889	1	890	1	891	1	892	1
OpenLevel139		139	2872		Leader	龙纹狮王	423	居延泽				1	2	733	1	734	1	735	1	736	1	737	1	738	1	739	1	740	1
OpenLevel139		140	2871		Leader	巨螯蜂后	424	西夏皇陵				1	2	741	1	742	1	743	1	744	1	745	1	746	1	747	1	748	1
OpenLevel149		1	361		Leader	寒玉鹿王	405	点苍山		19		1	2	201	1	202	1	203	1	204	1	205	1	206	1	207	1	208	1
OpenLevel149		2	360		Leader	大地狼王	403	洞庭湖		20		1	2	209	1	210	1	211	1	212	1	213	1	214	1	215	1	216	1
OpenLevel149		3	359		Leader	白眉猴王	404	苗岭		21		1	2	217	1	218	1	219	1	220	1	221	1	222	1	223	1	224	1
OpenLevel149		7	343		Leader	九尾狐王	407	见性峰		16		1	2	249	1	250	1	251	1	252	1	253	1	254	1	255	1	256	1
OpenLevel149		8	341		Leader	双首异兽	406	响水洞		17		1	2	257	1	258	1	259	1	260	1	261	1	262	1	263	1	264	1
OpenLevel149		9	342		Leader	奔焰豹王	408	剑门关		18		1	2	265	1	266	1	267	1	268	1	269	1	270	1	271	1	272	1
OpenLevel149		49	322		Leader	定海金刚	412	古战场		13		1	2	597	1	598	1	599	1	600	1	601	1	602	1	603	1	604	1
OpenLevel149		50	323		Leader	金翅鹏皇	410	荐菊洞		14		1	2	605	1	606	1	607	1	608	1	609	1	610	1	611	1	612	1
OpenLevel149		51	324		Leader	银角犀皇	411	伏牛山		15		1	2	613	1	614	1	615	1	616	1	617	1	618	1	619	1	620	1
OpenLevel149		77	320		Leader	撼天熊皇	415	敦煌古城		10		1	2	757	1	758	1	759	1	760	1	761	1	762	1	763	1	764	1
OpenLevel149		76	319		Leader	赤睛虎皇	414	沙漠遗迹		11		1	2	749	1	750	1	751	1	752	1	753	1	754	1	755	1	756	1
OpenLevel149		78	321		Leader	紫背鳄皇	413	祁连山		12		1	2	765	1	766	1	767	1	768	1	769	1	770	1	771	1	772	1
OpenLevel149		107	2281		Leader	冰鳞蜥皇	418	长白山		7		1	2	975	1	976	1	977	1	978	1	979	1	980	1	981	1	982	1
OpenLevel149		108	2283		Leader	银钩蝎皇	416	药王谷		8		1	2	983	1	984	1	985	1	986	1	987	1	988	1	989	1	990	1
OpenLevel149		109	2285		Leader	狂鬃獒皇	417	漠北草原		9		1	2	991	1	992	1	993	1	994	1	995	1	996	1	997	1	998	1
OpenLevel149		158	2872		Leader	龙纹狮王	423	居延泽		5		1	2	893	1	894	1	895	1	896	1	897	1	898	1	899	1	900	1
OpenLevel149		159	2871		Leader	巨螯蜂后	424	西夏皇陵		6		1	2	901	1	902	1	903	1	904	1	905	1	906	1	907	1	908	1
OpenLevel149		200	3330		Leader	万毒棘皇	426	蓬丘岱屿		1		1	3	999	1	1000	1	1001	1	1002	1	1003	1	1004	1	1005	1	1006	1
OpenLevel149		201	3331		Leader	玄冰貂皇	427	雾凇雪岭		2		1	3	1007	1	1008	1	1009	1	1010	1	1011	1	1012	1	1013	1	1014	1
OpenLevel149		200	3330		Leader	万毒棘皇	423	居延泽		3		1	2	941	1	942	1	943	1										
OpenLevel149		201	3331		Leader	玄冰貂皇	424	西夏皇陵		4		1	2	944	1	945	1	946	1										
OpenLevel159		1	361		Leader	寒玉鹿王	405	点苍山		19		1	2	201	1	202	1	203	1	204	1	205	1	206	1	207	1	208	1
OpenLevel159		2	360		Leader	大地狼王	403	洞庭湖		20		1	2	209	1	210	1	211	1	212	1	213	1	214	1	215	1	216	1
OpenLevel159		3	359		Leader	白眉猴王	404	苗岭		21		1	2	217	1	218	1	219	1	220	1	221	1	222	1	223	1	224	1
OpenLevel159		7	343		Leader	九尾狐王	407	见性峰		16		1	2	249	1	250	1	251	1	252	1	253	1	254	1	255	1	256	1
OpenLevel159		8	341		Leader	双首异兽	406	响水洞		17		1	2	257	1	258	1	259	1	260	1	261	1	262	1	263	1	264	1
OpenLevel159		9	342		Leader	奔焰豹王	408	剑门关		18		1	2	265	1	266	1	267	1	268	1	269	1	270	1	271	1	272	1
OpenLevel159		49	322		Leader	定海金刚	412	古战场		13		1	2	597	1	598	1	599	1	600	1	601	1	602	1	603	1	604	1
OpenLevel159		50	323		Leader	金翅鹏皇	410	荐菊洞		14		1	2	605	1	606	1	607	1	608	1	609	1	610	1	611	1	612	1
OpenLevel159		51	324		Leader	银角犀皇	411	伏牛山		15		1	2	613	1	614	1	615	1	616	1	617	1	618	1	619	1	620	1
OpenLevel159		77	320		Leader	撼天熊皇	415	敦煌古城		10		1	2	757	1	758	1	759	1	760	1	761	1	762	1	763	1	764	1
OpenLevel159		76	319		Leader	赤睛虎皇	414	沙漠遗迹		11		1	2	749	1	750	1	751	1	752	1	753	1	754	1	755	1	756	1
OpenLevel159		78	321		Leader	紫背鳄皇	413	祁连山		12		1	2	765	1	766	1	767	1	768	1	769	1	770	1	771	1	772	1
OpenLevel159		107	2281		Leader	冰鳞蜥皇	418	长白山		7		1	2	975	1	976	1	977	1	978	1	979	1	980	1	981	1	982	1
OpenLevel159		108	2283		Leader	银钩蝎皇	416	药王谷		8		1	2	983	1	984	1	985	1	986	1	987	1	988	1	989	1	990	1
OpenLevel159		109	2285		Leader	狂鬃獒皇	417	漠北草原		9		1	2	991	1	992	1	993	1	994	1	995	1	996	1	997	1	998	1
OpenLevel159		160	2872		Leader	龙纹狮王	423	居延泽		5		1	2	909	1	910	1	911	1	912	1	913	1	914	1	915	1	916	1
OpenLevel159		161	2871		Leader	巨螯蜂后	424	西夏皇陵		6		1	2	917	1	918	1	919	1	920	1	921	1	922	1	923	1	924	1
OpenLevel159		202	3330		Leader	万毒棘皇	426	蓬丘岱屿		1		1	3	1015	1	1016	1	1017	1	1018	1	1019	1	1020	1	1021	1	1022	1
OpenLevel159		203	3331		Leader	玄冰貂皇	427	雾凇雪岭		2		1	3	1023	1	1024	1	1025	1	1026	1	1027	1	1028	1	1029	1	1030	1
OpenLevel159		202	3330		Leader	万毒棘皇	423	居延泽		3		1	2	947	1	948	1	949	1										
OpenLevel159		203	3331		Leader	玄冰貂皇	424	西夏皇陵		4		1	2	950	1	951	1	952	1										
OpenLevel169		1	361		Leader	寒玉鹿王	405	点苍山		23		1	2	201	1	202	1	203	1	204	1	205	1	206	1	207	1	208	1
OpenLevel169		2	360		Leader	大地狼王	403	洞庭湖		24		1	2	209	1	210	1	211	1	212	1	213	1	214	1	215	1	216	1
OpenLevel169		3	359		Leader	白眉猴王	404	苗岭		25		1	2	217	1	218	1	219	1	220	1	221	1	222	1	223	1	224	1
OpenLevel169		7	343		Leader	九尾狐王	407	见性峰		20		1	2	249	1	250	1	251	1	252	1	253	1	254	1	255	1	256	1
OpenLevel169		8	341		Leader	双首异兽	406	响水洞		21		1	2	257	1	258	1	259	1	260	1	261	1	262	1	263	1	264	1
OpenLevel169		9	342		Leader	奔焰豹王	408	剑门关		22		1	2	265	1	266	1	267	1	268	1	269	1	270	1	271	1	272	1
OpenLevel169		49	322		Leader	定海金刚	412	古战场		17		1	2	597	1	598	1	599	1	600	1	601	1	602	1	603	1	604	1
OpenLevel169		50	323		Leader	金翅鹏皇	410	荐菊洞		18		1	2	605	1	606	1	607	1	608	1	609	1	610	1	611	1	612	1
OpenLevel169		51	324		Leader	银角犀皇	411	伏牛山		19		1	2	613	1	614	1	615	1	616	1	617	1	618	1	619	1	620	1
OpenLevel169		77	320		Leader	撼天熊皇	415	敦煌古城		14		1	2	757	1	758	1	759	1	760	1	761	1	762	1	763	1	764	1
OpenLevel169		76	319		Leader	赤睛虎皇	414	沙漠遗迹		15		1	2	749	1	750	1	751	1	752	1	753	1	754	1	755	1	756	1
OpenLevel169		78	321		Leader	紫背鳄皇	413	祁连山		16		1	2	765	1	766	1	767	1	768	1	769	1	770	1	771	1	772	1
OpenLevel169		107	2281		Leader	冰鳞蜥皇	418	长白山		11		1	2	975	1	976	1	977	1	978	1	979	1	980	1	981	1	982	1
OpenLevel169		108	2283		Leader	银钩蝎皇	416	药王谷		12		1	2	983	1	984	1	985	1	986	1	987	1	988	1	989	1	990	1
OpenLevel169		109	2285		Leader	狂鬃獒皇	417	漠北草原		13		1	2	991	1	992	1	993	1	994	1	995	1	996	1	997	1	998	1
OpenLevel169		196	2872		Leader	龙纹狮王	423	居延泽		9		1	2	925	1	926	1	927	1	928	1	929	1	930	1	931	1	932	1
OpenLevel169		197	2871		Leader	巨螯蜂后	424	西夏皇陵		10		1	2	933	1	934	1	935	1	936	1	937	1	938	1	939	1	940	1
OpenLevel169		198	3330		Leader	万毒棘皇	426	蓬丘岱屿		5		1	1	953	1	954	1	955	1	956	1	957	1	958	1	959	1	960	1
OpenLevel169		199	3331		Leader	玄冰貂皇	427	雾凇雪岭		6		1	1	961	1	962	1	963	1	964	1	965	1	966	1	967	1	968	1
OpenLevel169		198	3330		Leader	万毒棘皇	423	居延泽		7		1	1	969	1	970	1	971	1										
OpenLevel169		199	3331		Leader	玄冰貂皇	424	西夏皇陵		8		1	1	972	1	973	1	974	1										
OpenLevel179		1	361		Leader	寒玉鹿王	405	点苍山		23		1	2	201	1	202	1	203	1	204	1	205	1	206	1	207	1	208	1
OpenLevel179		2	360		Leader	大地狼王	403	洞庭湖		24		1	2	209	1	210	1	211	1	212	1	213	1	214	1	215	1	216	1
OpenLevel179		3	359		Leader	白眉猴王	404	苗岭		25		1	2	217	1	218	1	219	1	220	1	221	1	222	1	223	1	224	1
OpenLevel179		7	343		Leader	九尾狐王	407	见性峰		20		1	2	249	1	250	1	251	1	252	1	253	1	254	1	255	1	256	1
OpenLevel179		8	341		Leader	双首异兽	406	响水洞		21		1	2	257	1	258	1	259	1	260	1	261	1	262	1	263	1	264	1
OpenLevel179		9	342		Leader	奔焰豹王	408	剑门关		22		1	2	265	1	266	1	267	1	268	1	269	1	270	1	271	1	272	1
OpenLevel179		49	322		Leader	定海金刚	412	古战场		17		1	2	597	1	598	1	599	1	600	1	601	1	602	1	603	1	604	1
OpenLevel179		50	323		Leader	金翅鹏皇	410	荐菊洞		18		1	2	605	1	606	1	607	1	608	1	609	1	610	1	611	1	612	1
OpenLevel179		51	324		Leader	银角犀皇	411	伏牛山		19		1	2	613	1	614	1	615	1	616	1	617	1	618	1	619	1	620	1
OpenLevel179		77	320		Leader	撼天熊皇	415	敦煌古城		14		1	2	757	1	758	1	759	1	760	1	761	1	762	1	763	1	764	1
OpenLevel179		76	319		Leader	赤睛虎皇	414	沙漠遗迹		15		1	2	749	1	750	1	751	1	752	1	753	1	754	1	755	1	756	1
OpenLevel179		78	321		Leader	紫背鳄皇	413	祁连山		16		1	2	765	1	766	1	767	1	768	1	769	1	770	1	771	1	772	1
OpenLevel179		107	2281		Leader	冰鳞蜥皇	418	长白山		11		1	2	975	1	976	1	977	1	978	1	979	1	980	1	981	1	982	1
OpenLevel179		108	2283		Leader	银钩蝎皇	416	药王谷		12		1	2	983	1	984	1	985	1	986	1	987	1	988	1	989	1	990	1
OpenLevel179		109	2285		Leader	狂鬃獒皇	417	漠北草原		13		1	2	991	1	992	1	993	1	994	1	995	1	996	1	997	1	998	1
OpenLevel179		221	2872		Leader	龙纹狮王	423	居延泽		9		1	2	1031	1	1032	1	1033	1	1034	1	1035	1	1036	1	1037	1	1038	1
OpenLevel179		222	2871		Leader	巨螯蜂后	424	西夏皇陵		10		1	2	1039	1	1040	1	1041	1	1042	1	1043	1	1044	1	1045	1	1046	1
OpenLevel179		223	3330		Leader	万毒棘皇	426	蓬丘岱屿		5		1	1	1059	1	1060	1	1061	1	1062	1	1063	1	1064	1	1065	1	1066	1
OpenLevel179		224	3331		Leader	玄冰貂皇	427	雾凇雪岭		6		1	1	1067	1	1068	1	1069	1	1070	1	1071	1	1072	1	1073	1	1074	1
OpenLevel179		223	3330		Leader	万毒棘皇	423	居延泽		7		1	1	1075	1	1076	1	1077	1										
OpenLevel179		224	3331		Leader	玄冰貂皇	424	西夏皇陵		8		1	1	1078	1	1079	1	1080	1										
OpenLevel189		1	361		Leader	寒玉鹿王	405	点苍山		23		1	2	201	1	202	1	203	1	204	1	205	1	206	1	207	1	208	1
OpenLevel189		2	360		Leader	大地狼王	403	洞庭湖		24		1	2	209	1	210	1	211	1	212	1	213	1	214	1	215	1	216	1
OpenLevel189		3	359		Leader	白眉猴王	404	苗岭		25		1	2	217	1	218	1	219	1	220	1	221	1	222	1	223	1	224	1
OpenLevel189		7	343		Leader	九尾狐王	407	见性峰		20		1	2	249	1	250	1	251	1	252	1	253	1	254	1	255	1	256	1
OpenLevel189		8	341		Leader	双首异兽	406	响水洞		21		1	2	257	1	258	1	259	1	260	1	261	1	262	1	263	1	264	1
OpenLevel189		9	342		Leader	奔焰豹王	408	剑门关		22		1	2	265	1	266	1	267	1	268	1	269	1	270	1	271	1	272	1
OpenLevel189		49	322		Leader	定海金刚	412	古战场		17		1	2	597	1	598	1	599	1	600	1	601	1	602	1	603	1	604	1
OpenLevel189		50	323		Leader	金翅鹏皇	410	荐菊洞		18		1	2	605	1	606	1	607	1	608	1	609	1	610	1	611	1	612	1
OpenLevel189		51	324		Leader	银角犀皇	411	伏牛山		19		1	2	613	1	614	1	615	1	616	1	617	1	618	1	619	1	620	1
OpenLevel189		77	320		Leader	撼天熊皇	415	敦煌古城		14		1	2	757	1	758	1	759	1	760	1	761	1	762	1	763	1	764	1
OpenLevel189		76	319		Leader	赤睛虎皇	414	沙漠遗迹		15		1	2	749	1	750	1	751	1	752	1	753	1	754	1	755	1	756	1
OpenLevel189		78	321		Leader	紫背鳄皇	413	祁连山		16		1	2	765	1	766	1	767	1	768	1	769	1	770	1	771	1	772	1
OpenLevel189		107	2281		Leader	冰鳞蜥皇	418	长白山		11		1	2	975	1	976	1	977	1	978	1	979	1	980	1	981	1	982	1
OpenLevel189		108	2283		Leader	银钩蝎皇	416	药王谷		12		1	2	983	1	984	1	985	1	986	1	987	1	988	1	989	1	990	1
OpenLevel189		109	2285		Leader	狂鬃獒皇	417	漠北草原		13		1	2	991	1	992	1	993	1	994	1	995	1	996	1	997	1	998	1
OpenLevel189		249	2872		Leader	龙纹狮王	423	居延泽		9		1	2	1081	1	1082	1	1083	1	1084	1	1085	1	1086	1	1087	1	1088	1
OpenLevel189		250	2871		Leader	巨螯蜂后	424	西夏皇陵		10		1	2	1089	1	1090	1	1091	1	1092	1	1093	1	1094	1	1095	1	1096	1
OpenLevel189		251	3330		Leader	万毒棘皇	426	蓬丘岱屿		5		1	1	1109	1	1110	1	1111	1	1112	1	1113	1	1114	1	1115	1	1116	1
OpenLevel189		252	3331		Leader	玄冰貂皇	427	雾凇雪岭		6		1	1	1117	1	1118	1	1119	1	1120	1	1121	1	1122	1	1123	1	1124	1
OpenLevel189		251	3330		Leader	万毒棘皇	423	居延泽		7		1	1	1125	1	1126	1	1127	1										
OpenLevel189		252	3331		Leader	玄冰貂皇	424	西夏皇陵		8		1	1	1128	1	1129	1	1130	1										
OpenDay7		10	317		Boss	鳌拜	1030	地牢禁地	40			1	2	33	1	301	1												
OpenDay7		11	316		Boss	袁承志	1031	落叶禁地	40			1	2	34	1	302	1												
OpenDay7		12	318		Boss	韩世忠	1032	竹林禁地	40			1	2	35	1	303	1												
OpenDay7		13	314		Boss	哲别	1033	轮回禁地	40			1	2	36	1	304	1												
OpenDay7		14	313		Boss	高长恭	1034	溟渊禁地	40			1	2	37	1	305	1												
OpenDay7		15	315		Boss	秦良玉	1035	森罗禁地	40			1	2	38	1	306	1												
OpenLevel59		16	317		Boss	鳌拜	1030	地牢禁地	50			1	2	33	1	301	1												
OpenLevel59		17	316		Boss	袁承志	1031	落叶禁地	50			1	2	34	1	302	1												
OpenLevel59		18	318		Boss	韩世忠	1032	竹林禁地	50			1	2	35	1	303	1												
OpenLevel59		19	314		Boss	哲别	1033	轮回禁地	50			1	2	36	1	304	1												
OpenLevel59		20	313		Boss	高长恭	1034	溟渊禁地	50			1	2	37	1	305	1												
OpenLevel59		21	315		Boss	秦良玉	1035	森罗禁地	50			1	2	38	1	306	1												
OpenLevel69		22	317		Boss	鳌拜	1030	地牢禁地	60			1	2	33	1	301	1												
OpenLevel69		23	316		Boss	袁承志	1031	落叶禁地	60			1	2	34	1	302	1												
OpenLevel69		24	318		Boss	韩世忠	1032	竹林禁地	60			1	2	35	1	303	1												
OpenLevel69		25	314		Boss	哲别	1033	轮回禁地	60			1	2	36	1	304	1												
OpenLevel69		26	313		Boss	高长恭	1034	溟渊禁地	60			1	2	37	1	305	1												
OpenLevel69		27	315		Boss	秦良玉	1035	森罗禁地	60			1	2	38	1	306	1												
OpenDay52		22	317		Boss	鳌拜	1030	地牢禁地	60	7		1	2	33	1														
OpenDay52		23	316		Boss	袁承志	1031	落叶禁地	60	8		1	2	34	1														
OpenDay52		24	318		Boss	韩世忠	1032	竹林禁地	60	9		1	2	35	1														
OpenDay52		25	314		Boss	哲别	1033	轮回禁地	60	10		1	2	36	1														
OpenDay52		26	313		Boss	高长恭	1034	溟渊禁地	60	11		1	2	37	1														
OpenDay52		27	315		Boss	秦良玉	1035	森罗禁地	60	12		1	2	38	1														
OpenDay52		34	298		Boss	荆轲	1049	望月遗迹	60	1		1	2	39	1	307	1												
OpenDay52		35	1344		Boss	虞姬	1050	凝尘遗迹	60	2		1	2	40	1	308	1												
OpenDay52		36	1345		Boss	岳飞	1051	千叶遗迹	60	3		1	2	41	1	309	1												
OpenLevel79		28	317		Boss	鳌拜	1030	地牢禁地	70	7		1	2	45	1														
OpenLevel79		29	316		Boss	袁承志	1031	落叶禁地	70	8		1	2	46	1														
OpenLevel79		30	318		Boss	韩世忠	1032	竹林禁地	70	9		1	2	47	1														
OpenLevel79		31	314		Boss	哲别	1033	轮回禁地	70	10		1	2	48	1														
OpenLevel79		32	313		Boss	高长恭	1034	溟渊禁地	70	11		1	2	49	1														
OpenLevel79		33	315		Boss	秦良玉	1035	森罗禁地	70	12		1	2	50	1														
OpenLevel79		40	298		Boss	荆轲	1049	望月遗迹	70	1		1	2	39	1	307	1												
OpenLevel79		41	1344		Boss	虞姬	1050	凝尘遗迹	70	2		1	2	40	1	308	1												
OpenLevel79		42	1345		Boss	岳飞	1051	千叶遗迹	70	3		1	2	41	1	309	1												
OpenLevel89		52	317		Boss	鳌拜	1030	地牢禁地	80	7		1	2	45	1														
OpenLevel89		53	316		Boss	袁承志	1031	落叶禁地	80	8		1	2	46	1														
OpenLevel89		54	318		Boss	韩世忠	1032	竹林禁地	80	9		1	2	47	1														
OpenLevel89		55	314		Boss	哲别	1033	轮回禁地	80	10		1	2	48	1														
OpenLevel89		56	313		Boss	高长恭	1034	溟渊禁地	80	11		1	2	49	1														
OpenLevel89		57	315		Boss	秦良玉	1035	森罗禁地	80	12		1	2	50	1														
OpenLevel89		58	298		Boss	荆轲	1049	望月遗迹	80	1		1	2	39	1	307	1												
OpenLevel89		59	1344		Boss	虞姬	1050	凝尘遗迹	80	2		1	2	40	1	308	1												
OpenLevel89		60	1345		Boss	岳飞	1051	千叶遗迹	80	3		1	2	41	1	309	1												
OpenDay128		52	317		Boss	鳌拜	1030	地牢禁地	80	7		1	2	45	1														
OpenDay128		53	316		Boss	袁承志	1031	落叶禁地	80	8		1	2	46	1														
OpenDay128		54	318		Boss	韩世忠	1032	竹林禁地	80	9		1	2	47	1														
OpenDay128		55	314		Boss	哲别	1033	轮回禁地	80	10		1	2	48	1														
OpenDay128		56	313		Boss	高长恭	1034	溟渊禁地	80	11		1	2	49	1														
OpenDay128		57	315		Boss	秦良玉	1035	森罗禁地	80	12		1	2	50	1														
OpenDay128		58	298		Boss	荆轲	1049	望月遗迹	80	4		1	2	39	1														
OpenDay128		59	1344		Boss	虞姬	1050	凝尘遗迹	80	5		1	2	40	1														
OpenDay128		60	1345		Boss	岳飞	1051	千叶遗迹	80	6		1	2	41	1														
OpenDay128		43	297		Boss	李广	1052	黑狱废墟	80	1		1	2	42	1	310	1												
OpenDay128		44	296		Boss	赵云	1053	长坂废墟	80	2		1	2	43	1	311	1												
OpenDay128		45	295		Boss	李元霸	1054	禁谷废墟	80	3		1	2	44	1	312	1												
OpenLevel99		64	317		Boss	鳌拜	1030	地牢禁地	90	7		1	2	45	1														
OpenLevel99		65	316		Boss	袁承志	1031	落叶禁地	90	8		1	2	46	1														
OpenLevel99		66	318		Boss	韩世忠	1032	竹林禁地	90	9		1	2	47	1														
OpenLevel99		67	314		Boss	哲别	1033	轮回禁地	90	10		1	2	48	1														
OpenLevel99		68	313		Boss	高长恭	1034	溟渊禁地	90	11		1	2	49	1														
OpenLevel99		69	315		Boss	秦良玉	1035	森罗禁地	90	12		1	2	50	1														
OpenLevel99		70	298		Boss	荆轲	1049	望月遗迹	90	4		1	2	39	1														
OpenLevel99		71	1344		Boss	虞姬	1050	凝尘遗迹	90	5		1	2	40	1														
OpenLevel99		72	1345		Boss	岳飞	1051	千叶遗迹	90	6		1	2	41	1														
OpenLevel99		61	297		Boss	李广	1052	黑狱废墟	90	1		1	2	42	1	310	1												
OpenLevel99		62	296		Boss	赵云	1053	长坂废墟	90	2		1	2	43	1	311	1												
OpenLevel99		63	295		Boss	李元霸	1054	禁谷废墟	90	3		1	2	44	1	312	1												
OpenLevel109		82	317		Boss	鳌拜	1030	地牢禁地	100	7		1	2	45	1														
OpenLevel109		83	316		Boss	袁承志	1031	落叶禁地	100	8		1	2	46	1														
OpenLevel109		84	318		Boss	韩世忠	1032	竹林禁地	100	9		1	2	47	1														
OpenLevel109		85	314		Boss	哲别	1033	轮回禁地	100	10		1	2	48	1														
OpenLevel109		86	313		Boss	高长恭	1034	溟渊禁地	100	11		1	2	49	1														
OpenLevel109		87	315		Boss	秦良玉	1035	森罗禁地	100	12		1	2	50	1														
OpenLevel109		88	298		Boss	荆轲	1049	望月遗迹	100	4		1	2	39	1														
OpenLevel109		89	1344		Boss	虞姬	1050	凝尘遗迹	100	5		1	2	40	1														
OpenLevel109		90	1345		Boss	岳飞	1051	千叶遗迹	100	6		1	2	41	1														
OpenLevel109		79	297		Boss	李广	1052	黑狱废墟	100	1		1	2	42	1	310	1												
OpenLevel109		80	296		Boss	赵云	1053	长坂废墟	100	2		1	2	43	1	311	1												
OpenLevel109		81	295		Boss	李元霸	1054	禁谷废墟	100	3		1	2	44	1	312	1												
OpenLevel119		94	317		Boss	鳌拜	1030	地牢禁地	110	7		1	2	45	1														
OpenLevel119		95	316		Boss	袁承志	1031	落叶禁地	110	8		1	2	46	1														
OpenLevel119		96	318		Boss	韩世忠	1032	竹林禁地	110	9		1	2	47	1														
OpenLevel119		97	314		Boss	哲别	1033	轮回禁地	110	10		1	2	48	1														
OpenLevel119		98	313		Boss	高长恭	1034	溟渊禁地	110	11		1	2	49	1														
OpenLevel119		99	315		Boss	秦良玉	1035	森罗禁地	110	12		1	2	50	1														
OpenLevel119		100	298		Boss	荆轲	1049	望月遗迹	110	4		1	2	39	1														
OpenLevel119		101	1344		Boss	虞姬	1050	凝尘遗迹	110	5		1	2	40	1														
OpenLevel119		102	1345		Boss	岳飞	1051	千叶遗迹	110	6		1	2	41	1														
OpenLevel119		91	297		Boss	李广	1052	黑狱废墟	110	1		1	2	42	1	310	1												
OpenLevel119		92	296		Boss	赵云	1053	长坂废墟	110	2		1	2	43	1	311	1												
OpenLevel119		93	295		Boss	李元霸	1054	禁谷废墟	110	3		1	2	44	1	312	1												
OpenDay353		94	317		Boss	鳌拜	1030	地牢禁地	110	8		1	2	45	1														
OpenDay353		95	316		Boss	袁承志	1031	落叶禁地	110	9		1	2	46	1														
OpenDay353		96	318		Boss	韩世忠	1032	竹林禁地	110	10		1	2	47	1														
OpenDay353		97	314		Boss	哲别	1033	轮回禁地	110	11		1	2	48	1														
OpenDay353		98	313		Boss	高长恭	1034	溟渊禁地	110	12		1	2	49	1														
OpenDay353		99	315		Boss	秦良玉	1035	森罗禁地	110	13		1	2	50	1														
OpenDay353		100	298		Boss	荆轲	1049	望月遗迹	110	5		1	2	39	1														
OpenDay353		101	1344		Boss	虞姬	1050	凝尘遗迹	110	6		1	2	40	1														
OpenDay353		102	1345		Boss	岳飞	1051	千叶遗迹	110	7		1	2	41	1														
OpenDay353		91	297		Boss	李广	1052	黑狱废墟	110	2		1	2	42	1														
OpenDay353		92	296		Boss	赵云	1053	长坂废墟	110	3		1	2	43	1														
OpenDay353		93	295		Boss	李元霸	1054	禁谷废墟	110	4		1	2	44	1														
OpenDay353		106	283		Boss	项羽	1052	黑狱废墟	110	1	1	1	2	51	1	313	1												
OpenDay353		106	283		Boss	项羽	1053	长坂废墟	110	1	1	1	2	52	1	314	1												
OpenDay353		106	283		Boss	项羽	1054	禁谷废墟	110	1	1	1	2	53	1	315	1												
OpenLevel129		113	317		Boss	鳌拜	1030	地牢禁地	120	8		1	2	45	1														
OpenLevel129		114	316		Boss	袁承志	1031	落叶禁地	120	9		1	2	46	1														
OpenLevel129		115	318		Boss	韩世忠	1032	竹林禁地	120	10		1	2	47	1														
OpenLevel129		116	314		Boss	哲别	1033	轮回禁地	120	11		1	2	48	1														
OpenLevel129		117	313		Boss	高长恭	1034	溟渊禁地	120	12		1	2	49	1														
OpenLevel129		118	315		Boss	秦良玉	1035	森罗禁地	120	13		1	2	50	1														
OpenLevel129		119	298		Boss	荆轲	1049	望月遗迹	120	5		1	2	39	1														
OpenLevel129		120	1344		Boss	虞姬	1050	凝尘遗迹	120	6		1	2	40	1														
OpenLevel129		121	1345		Boss	岳飞	1051	千叶遗迹	120	7		1	2	41	1														
OpenLevel129		110	297		Boss	李广	1052	黑狱废墟	120	2		1	2	42	1														
OpenLevel129		111	296		Boss	赵云	1053	长坂废墟	120	3		1	2	43	1														
OpenLevel129		112	295		Boss	李元霸	1054	禁谷废墟	120	4		1	2	44	1														
OpenLevel129		122	283		Boss	项羽	1052	黑狱废墟	120	1	1	1	2	51	1	313	1												
OpenLevel129		122	283		Boss	项羽	1053	长坂废墟	120	1	1	1	2	52	1	314	1												
OpenLevel129		122	283		Boss	项羽	1054	禁谷废墟	120	1	1	1	2	53	1	315	1												
OpenLevel139		124	317		Boss	鳌拜	1030	地牢禁地	130	8		1	2	45	1														
OpenLevel139		125	316		Boss	袁承志	1031	落叶禁地	130	9		1	2	46	1														
OpenLevel139		126	318		Boss	韩世忠	1032	竹林禁地	130	10		1	2	47	1														
OpenLevel139		127	314		Boss	哲别	1033	轮回禁地	130	11		1	2	48	1														
OpenLevel139		128	313		Boss	高长恭	1034	溟渊禁地	130	12		1	2	49	1														
OpenLevel139		129	315		Boss	秦良玉	1035	森罗禁地	130	13		1	2	50	1														
OpenLevel139		130	298		Boss	荆轲	1049	望月遗迹	130	5		1	2	39	1														
OpenLevel139		131	1344		Boss	虞姬	1050	凝尘遗迹	130	6		1	2	40	1														
OpenLevel139		132	1345		Boss	岳飞	1051	千叶遗迹	130	7		1	2	41	1														
OpenLevel139		134	297		Boss	李广	1052	黑狱废墟	130	2		1	2	42	1														
OpenLevel139		135	296		Boss	赵云	1053	长坂废墟	130	3		1	2	43	1														
OpenLevel139		136	295		Boss	李元霸	1054	禁谷废墟	130	4		1	2	44	1														
OpenLevel139		133	283		Boss	项羽	1052	黑狱废墟	130	1	1	1	2	51	1	313	1												
OpenLevel139		133	283		Boss	项羽	1053	长坂废墟	130	1	1	1	2	52	1	314	1												
OpenLevel139		133	283		Boss	项羽	1054	禁谷废墟	130	1	1	1	2	53	1	315	1												
OpenLevel149		145	317		Boss	鳌拜	1030	地牢禁地	140	8		1	2	45	1														
OpenLevel149		146	316		Boss	袁承志	1031	落叶禁地	140	9		1	2	46	1														
OpenLevel149		147	318		Boss	韩世忠	1032	竹林禁地	140	10		1	2	47	1														
OpenLevel149		148	314		Boss	哲别	1033	轮回禁地	140	11		1	2	48	1														
OpenLevel149		149	313		Boss	高长恭	1034	溟渊禁地	140	12		1	2	49	1														
OpenLevel149		150	315		Boss	秦良玉	1035	森罗禁地	140	13		1	2	50	1														
OpenLevel149		151	298		Boss	荆轲	1049	望月遗迹	140	5		1	2	70	1														
OpenLevel149		152	1344		Boss	虞姬	1050	凝尘遗迹	140	6		1	2	71	1														
OpenLevel149		153	1345		Boss	岳飞	1051	千叶遗迹	140	7		1	2	72	1														
OpenLevel149		154	297		Boss	李广	1052	黑狱废墟	140	2		1	2	73	1														
OpenLevel149		155	296		Boss	赵云	1053	长坂废墟	140	3		1	2	74	1														
OpenLevel149		156	295		Boss	李元霸	1054	禁谷废墟	140	4		1	2	75	1														
OpenLevel149		157	283		Boss	项羽	1052	黑狱废墟	140	1	1	1	2	76	1	332	1												
OpenLevel149		157	283		Boss	项羽	1053	长坂废墟	140	1	1	1	2	77	1	333	1												
OpenLevel149		157	283		Boss	项羽	1054	禁谷废墟	140	1	1	1	2	78	1	334	1												
OpenLevel159		162	317		Boss	鳌拜	1030	地牢禁地	150	8		1	2	45	1														
OpenLevel159		163	316		Boss	袁承志	1031	落叶禁地	150	9		1	2	46	1														
OpenLevel159		164	318		Boss	韩世忠	1032	竹林禁地	150	10		1	2	47	1														
OpenLevel159		165	314		Boss	哲别	1033	轮回禁地	150	11		1	2	48	1														
OpenLevel159		166	313		Boss	高长恭	1034	溟渊禁地	150	12		1	2	49	1														
OpenLevel159		167	315		Boss	秦良玉	1035	森罗禁地	150	13		1	2	50	1														
OpenLevel159		168	298		Boss	荆轲	1049	望月遗迹	150	5		1	2	70	1														
OpenLevel159		169	1344		Boss	虞姬	1050	凝尘遗迹	150	6		1	2	71	1														
OpenLevel159		170	1345		Boss	岳飞	1051	千叶遗迹	150	7		1	2	72	1														
OpenLevel159		171	297		Boss	李广	1052	黑狱废墟	150	2		1	2	73	1														
OpenLevel159		172	296		Boss	赵云	1053	长坂废墟	150	3		1	2	74	1														
OpenLevel159		173	295		Boss	李元霸	1054	禁谷废墟	150	4		1	2	75	1														
OpenLevel159		174	283		Boss	项羽	1052	黑狱废墟	150	1	1	1	2	76	1	332	1												
OpenLevel159		174	283		Boss	项羽	1053	长坂废墟	150	1	1	1	2	77	1	333	1												
OpenLevel159		174	283		Boss	项羽	1054	禁谷废墟	150	1	1	1	2	78	1	334	1												
OpenLevel169		301	3731		Leader	磐石牛王	429	茶马商道		1		1	3	1131	1	1132	1	1133	1	1134	1	1135	1	1136	1	1137	1	1138	1
OpenLevel169		302	3732		Leader	炙炎牛后	430	震泽渡口		2		1	3	1139	1	1140	1	1141	1	1142	1	1143	1	1144	1	1145	1	1146	1
OpenLevel169		301	3731		Leader	磐石牛王	426	蓬丘岱屿		3		1	1	1147	1	1148	1	1149	1										
OpenLevel169		302	3732		Leader	炙炎牛后	427	雾凇雪岭		4		1	1	1150	1	1151	1	1152	1										
OpenLevel169		179	317		Boss	鳌拜	1030	地牢禁地	160	8		1	1	45	1														
OpenLevel169		180	316		Boss	袁承志	1031	落叶禁地	160	9		1	1	46	1														
OpenLevel169		181	318		Boss	韩世忠	1032	竹林禁地	160	10		1	1	47	1														
OpenLevel169		182	314		Boss	哲别	1033	轮回禁地	160	11		1	1	48	1														
OpenLevel169		183	313		Boss	高长恭	1034	溟渊禁地	160	12		1	1	49	1														
OpenLevel169		184	315		Boss	秦良玉	1035	森罗禁地	160	13		1	1	50	1														
OpenLevel169		185	298		Boss	荆轲	1049	望月遗迹	160	5		1	1	70	1														
OpenLevel169		186	1344		Boss	虞姬	1050	凝尘遗迹	160	6		1	1	71	1														
OpenLevel169		187	1345		Boss	岳飞	1051	千叶遗迹	160	7		1	1	72	1														
OpenLevel169		188	297		Boss	李广	1052	黑狱废墟	160	2		1	1	73	1														
OpenLevel169		189	296		Boss	赵云	1053	长坂废墟	160	3		1	1	74	1														
OpenLevel179		303	3731		Leader	磐石牛王	429	茶马商道		1		1	3	1153	1	1154	1	1155	1	1156	1	1157	1	1158	1	1159	1	1160	1
OpenLevel179		304	3732		Leader	炙炎牛后	430	震泽渡口		2		1	3	1161	1	1162	1	1163	1	1164	1	1165	1	1166	1	1167	1	1168	1
OpenLevel179		303	3731		Leader	磐石牛王	426	蓬丘岱屿		3		1	1	1169	1	1170	1	1171	1										
OpenLevel179		304	3732		Leader	炙炎牛后	427	雾凇雪岭		4		1	1	1172	1	1173	1	1174	1										
OpenLevel179		204	317		Boss	鳌拜	1030	地牢禁地	170	8		1	1	45	1														
OpenLevel179		205	316		Boss	袁承志	1031	落叶禁地	170	9		1	1	46	1														
OpenLevel179		206	318		Boss	韩世忠	1032	竹林禁地	170	10		1	1	47	1														
OpenLevel179		207	314		Boss	哲别	1033	轮回禁地	170	11		1	1	48	1														
OpenLevel179		208	313		Boss	高长恭	1034	溟渊禁地	170	12		1	1	49	1														
OpenLevel179		209	315		Boss	秦良玉	1035	森罗禁地	170	13		1	1	50	1														
OpenLevel179		210	298		Boss	荆轲	1049	望月遗迹	170	5		1	1	70	1														
OpenLevel179		211	1344		Boss	虞姬	1050	凝尘遗迹	170	6		1	1	71	1														
OpenLevel179		212	1345		Boss	岳飞	1051	千叶遗迹	170	7		1	1	72	1														
OpenLevel179		213	297		Boss	李广	1052	黑狱废墟	170	2		1	1	73	1														
OpenLevel179		214	296		Boss	赵云	1053	长坂废墟	170	3		1	1	74	1														
OpenLevel189		305	3731		Leader	磐石牛王	429	茶马商道		1		1	3	1175	1	1176	1	1177	1	1178	1	1179	1	1180	1	1181	1	1182	1
OpenLevel189		306	3732		Leader	炙炎牛后	430	震泽渡口		2		1	3	1183	1	1184	1	1185	1	1186	1	1187	1	1188	1	1189	1	1190	1
OpenLevel189		305	3731		Leader	磐石牛王	426	蓬丘岱屿		3		1	1	1191	1	1192	1	1193	1										
OpenLevel189		306	3732		Leader	炙炎牛后	427	雾凇雪岭		4		1	1	1194	1	1195	1	1196	1										
OpenLevel189		253	317		Boss	鳌拜	1030	地牢禁地	180	8		1	1	45	1														
OpenLevel189		254	316		Boss	袁承志	1031	落叶禁地	180	9		1	1	46	1														
OpenLevel189		255	318		Boss	韩世忠	1032	竹林禁地	180	10		1	1	47	1														
OpenLevel189		256	314		Boss	哲别	1033	轮回禁地	180	11		1	1	48	1														
OpenLevel189		257	313		Boss	高长恭	1034	溟渊禁地	180	12		1	1	49	1														
OpenLevel189		258	315		Boss	秦良玉	1035	森罗禁地	180	13		1	1	50	1														
OpenLevel189		259	298		Boss	荆轲	1049	望月遗迹	180	5		1	1	70	1														
OpenLevel189		260	1344		Boss	虞姬	1050	凝尘遗迹	180	6		1	1	71	1														
OpenLevel189		261	1345		Boss	岳飞	1051	千叶遗迹	180	7		1	1	72	1														
OpenLevel189		262	297		Boss	李广	1052	黑狱废墟	180	2		1	1	73	1														
OpenLevel189		263	296		Boss	赵云	1053	长坂废墟	180	3		1	1	74	1														
OpenDay353	1	243	297	李广	Boss	李广	1064	黑狱废墟（跨服）	110	2		1	2	42	1														
OpenDay353	1	244	296	赵云	Boss	赵云	1065	长坂废墟（跨服）	110	3		1	2	43	1														
OpenDay353	1	245	295	李元霸	Boss	李元霸	1066	禁谷废墟（跨服）	110	4		1	2	44	1														
OpenDay353	1	243	297	【幻境】李广	Boss	【幻境】李广	1061	黑狱幻境（跨服）	110	5		1	2	42	1	310	1												
OpenDay353	1	244	296	【幻境】赵云	Boss	【幻境】赵云	1062	长坂幻境（跨服）	110	6		1	2	43	1	311	1												
OpenDay353	1	245	295	【幻境】李元霸	Boss	【幻境】李元霸	1063	禁谷幻境（跨服）	110	7		1	2	44	1	312	1												
OpenDay353	1	225	298	荆轲	Boss	荆轲	1077	望月遗迹（跨服）	110	8		1	2	67	1														
OpenDay353	1	226	1344	虞姬	Boss	虞姬	1078	凝尘遗迹（跨服）	110	9		1	2	68	1														
OpenDay353	1	227	1345	岳飞	Boss	岳飞	1079	千叶遗迹（跨服）	110	10		1	2	69	1														
OpenDay353	1	225	298	【幻境】荆轲	Boss	【幻境】荆轲	1080	望月遗迹（跨服）	110	11		1	2	67	1	329	1												
OpenDay353	1	226	1344	【幻境】虞姬	Boss	【幻境】虞姬	1081	凝尘遗迹（跨服）	110	12		1	2	68	1	330	1												
OpenDay353	1	227	1345	【幻境】岳飞	Boss	【幻境】岳飞	1082	千叶遗迹（跨服）	110	13		1	2	69	1	331	1												
OpenDay353	1	123	283	项羽&虞姬	Boss	项羽&虞姬	1064	黑狱废墟（跨服）	110	1	2	1	2	316	1	316	1												
OpenDay353	1	123	283	项羽&虞姬	Boss	项羽&虞姬	1065	长坂废墟（跨服）	110	1	2	1	2	317	1	317	1												
OpenDay353	1	123	283	项羽&虞姬	Boss	项羽&虞姬	1066	禁谷废墟（跨服）	110	1	2	1	2	318	1	318	1												
OpenDay353	1	123	283	项羽&虞姬	Boss	项羽&虞姬	1061	黑狱幻境（跨服）	110	1	3	1	2	54	1	316	1												
OpenDay353	1	123	283	项羽&虞姬	Boss	项羽&虞姬	1062	长坂幻境（跨服）	110	1	3	1	2	55	1	317	1												
OpenDay353	1	123	283	项羽&虞姬	Boss	项羽&虞姬	1063	禁谷幻境（跨服）	110	1	3	1	2	56	1	318	1												
OpenLevel139	1	246	297	李广	Boss	李广	1070	黑狱废墟（跨服）	130	2		1	2	42	1														
OpenLevel139	1	247	296	赵云	Boss	赵云	1071	长坂废墟（跨服）	130	3		1	2	43	1														
OpenLevel139	1	248	295	李元霸	Boss	李元霸	1072	禁谷废墟（跨服）	130	4		1	2	44	1														
OpenLevel139	1	246	297	【幻境】李广	Boss	【幻境】李广	1067	黑狱幻境（跨服）	130	5		1	2	42	1	310	1												
OpenLevel139	1	247	296	【幻境】赵云	Boss	【幻境】赵云	1068	长坂幻境（跨服）	130	6		1	2	43	1	311	1												
OpenLevel139	1	248	295	【幻境】李元霸	Boss	【幻境】李元霸	1069	禁谷幻境（跨服）	130	7		1	2	44	1	312	1												
OpenLevel139	1	123	283	项羽&虞姬	Boss	项羽&虞姬	1070	黑狱废墟（跨服）	130	1	2	1	2	316	1	316	1												
OpenLevel139	1	123	283	项羽&虞姬	Boss	项羽&虞姬	1071	长坂废墟（跨服）	130	1	2	1	2	317	1	317	1												
OpenLevel139	1	123	283	项羽&虞姬	Boss	项羽&虞姬	1072	禁谷废墟（跨服）	130	1	2	1	2	318	1	318	1												
OpenLevel139	1	123	283	项羽&虞姬	Boss	项羽&虞姬	1067	黑狱幻境（跨服）	130	1	3	1	2	54	1	316	1												
OpenLevel139	1	123	283	项羽&虞姬	Boss	项羽&虞姬	1068	长坂幻境（跨服）	130	1	3	1	2	55	1	317	1												
OpenLevel139	1	123	283	项羽&虞姬	Boss	项羽&虞姬	1069	禁谷幻境（跨服）	130	1	3	1	2	56	1	318	1												
OpenLevel139	1	228	298	荆轲	Boss	荆轲	1077	望月遗迹（跨服）	130	8		1	2	67	1														
OpenLevel139	1	229	1344	虞姬	Boss	虞姬	1078	凝尘遗迹（跨服）	130	9		1	2	68	1														
OpenLevel139	1	230	1345	岳飞	Boss	岳飞	1079	千叶遗迹（跨服）	130	10		1	2	69	1														
OpenLevel139	1	228	298	【幻境】荆轲	Boss	【幻境】荆轲	1080	望月遗迹（跨服）	130	11		1	2	67	1	329	1												
OpenLevel139	1	229	1344	【幻境】虞姬	Boss	【幻境】虞姬	1081	凝尘遗迹（跨服）	130	12		1	2	68	1	330	1												
OpenLevel139	1	230	1345	【幻境】岳飞	Boss	【幻境】岳飞	1082	千叶遗迹（跨服）	130	13		1	2	69	1	331	1												
OpenLevel149	1	141	297	李广	Boss	李广	1070	黑狱废墟（跨服）	140	2		1	2	61	1														
OpenLevel149	1	142	296	赵云	Boss	赵云	1071	长坂废墟（跨服）	140	3		1	2	62	1														
OpenLevel149	1	143	295	李元霸	Boss	李元霸	1072	禁谷废墟（跨服）	140	4		1	2	63	1														
OpenLevel149	1	141	297	【幻境】李广	Boss	【幻境】李广	1067	黑狱幻境（跨服）	140	5		1	2	61	1	320	1												
OpenLevel149	1	142	296	【幻境】赵云	Boss	【幻境】赵云	1068	长坂幻境（跨服）	140	6		1	2	62	1	321	1												
OpenLevel149	1	143	295	【幻境】李元霸	Boss	【幻境】李元霸	1069	禁谷幻境（跨服）	140	7		1	2	63	1	322	1												
OpenLevel149	1	144	283	项羽&虞姬	Boss	项羽&虞姬	1070	黑狱废墟（跨服）	140	1	2	1	2	326	1	326	1												
OpenLevel149	1	144	283	项羽&虞姬	Boss	项羽&虞姬	1071	长坂废墟（跨服）	140	1	2	1	2	327	1	327	1												
OpenLevel149	1	144	283	项羽&虞姬	Boss	项羽&虞姬	1072	禁谷废墟（跨服）	140	1	2	1	2	328	1	328	1												
OpenLevel149	1	144	283	项羽&虞姬	Boss	项羽&虞姬	1067	黑狱幻境（跨服）	140	1	3	1	2	64	1	326	1												
OpenLevel149	1	144	283	项羽&虞姬	Boss	项羽&虞姬	1068	长坂幻境（跨服）	140	1	3	1	2	65	1	327	1												
OpenLevel149	1	144	283	项羽&虞姬	Boss	项羽&虞姬	1069	禁谷幻境（跨服）	140	1	3	1	2	66	1	328	1												
OpenLevel149	1	231	298	荆轲	Boss	荆轲	1077	望月遗迹（跨服）	140	8		1	2	67	1														
OpenLevel149	1	232	1344	虞姬	Boss	虞姬	1078	凝尘遗迹（跨服）	140	9		1	2	68	1														
OpenLevel149	1	233	1345	岳飞	Boss	岳飞	1079	千叶遗迹（跨服）	140	10		1	2	69	1														
OpenLevel149	1	231	298	【幻境】荆轲	Boss	【幻境】荆轲	1080	望月遗迹（跨服）	140	11		1	2	67	1	329	1												
OpenLevel149	1	232	1344	【幻境】虞姬	Boss	【幻境】虞姬	1081	凝尘遗迹（跨服）	140	12		1	2	68	1	330	1												
OpenLevel149	1	233	1345	【幻境】岳飞	Boss	【幻境】岳飞	1082	千叶遗迹（跨服）	140	13		1	2	69	1	331	1												
OpenLevel159	1	273	297	李广	Boss	李广	1070	黑狱废墟（跨服）	150	2		1	2	79	1														
OpenLevel159	1	274	296	赵云	Boss	赵云	1071	长坂废墟（跨服）	150	3		1	2	80	1														
OpenLevel159	1	275	295	李元霸	Boss	李元霸	1072	禁谷废墟（跨服）	150	4		1	2	81	1														
OpenLevel159	1	273	297	【幻境】李广	Boss	【幻境】李广	1067	黑狱幻境（跨服）	150	5		1	2	79	1	335	1												
OpenLevel159	1	274	296	【幻境】赵云	Boss	【幻境】赵云	1068	长坂幻境（跨服）	150	6		1	2	80	1	336	1												
OpenLevel159	1	275	295	【幻境】李元霸	Boss	【幻境】李元霸	1069	禁谷幻境（跨服）	150	7		1	2	81	1	337	1												
OpenLevel159	1	276	283	项羽&虞姬	Boss	项羽&虞姬	1070	黑狱废墟（跨服）	150	1	2	1	2	338	1	338	1												
OpenLevel159	1	276	283	项羽&虞姬	Boss	项羽&虞姬	1071	长坂废墟（跨服）	150	1	2	1	2	339	1	339	1												
OpenLevel159	1	276	283	项羽&虞姬	Boss	项羽&虞姬	1072	禁谷废墟（跨服）	150	1	2	1	2	340	1	340	1												
OpenLevel159	1	276	283	项羽&虞姬	Boss	项羽&虞姬	1067	黑狱幻境（跨服）	150	1	3	1	2	82	1	338	1												
OpenLevel159	1	276	283	项羽&虞姬	Boss	项羽&虞姬	1068	长坂幻境（跨服）	150	1	3	1	2	83	1	339	1												
OpenLevel159	1	276	283	项羽&虞姬	Boss	项羽&虞姬	1069	禁谷幻境（跨服）	150	1	3	1	2	84	1	340	1												
OpenLevel159	1	277	298	荆轲	Boss	荆轲	1077	望月遗迹（跨服）	150	8		1	2	85	1														
OpenLevel159	1	278	1344	虞姬	Boss	虞姬	1078	凝尘遗迹（跨服）	150	9		1	2	86	1														
OpenLevel159	1	279	1345	岳飞	Boss	岳飞	1079	千叶遗迹（跨服）	150	10		1	2	87	1														
OpenLevel159	1	277	298	【幻境】荆轲	Boss	【幻境】荆轲	1080	望月遗迹（跨服）	150	11		1	2	85	1	341	1												
OpenLevel159	1	278	1344	【幻境】虞姬	Boss	【幻境】虞姬	1081	凝尘遗迹（跨服）	150	12		1	2	86	1	342	1												
OpenLevel159	1	279	1345	【幻境】岳飞	Boss	【幻境】岳飞	1082	千叶遗迹（跨服）	150	13		1	2	87	1	343	1												
OpenLevel169		190	295		Boss	李元霸	1054	禁谷废墟	160	4		1	1	75	1														
OpenLevel169		191	283		Boss	项羽	1052	黑狱废墟	160	1	1	1	2	76	1	332	1												
OpenLevel169		191	283		Boss	项羽	1053	长坂废墟	160	1	1	1	2	77	1	333	1												
OpenLevel169		191	283		Boss	项羽	1054	禁谷废墟	160	1	1	1	2	78	1	334	1												
OpenLevel169	1	280	297	李广	Boss	李广	1070	黑狱废墟（跨服）	160	2		1	1	79	1														
OpenLevel169	1	281	296	赵云	Boss	赵云	1071	长坂废墟（跨服）	160	3		1	1	80	1														
OpenLevel169	1	282	295	李元霸	Boss	李元霸	1072	禁谷废墟（跨服）	160	4		1	1	81	1														
OpenLevel169	1	280	297	【幻境】李广	Boss	【幻境】李广	1067	黑狱幻境（跨服）	160	5		1	2	79	1	335	1												
OpenLevel169	1	281	296	【幻境】赵云	Boss	【幻境】赵云	1068	长坂幻境（跨服）	160	6		1	2	80	1	336	1												
OpenLevel169	1	282	295	【幻境】李元霸	Boss	【幻境】李元霸	1069	禁谷幻境（跨服）	160	7		1	2	81	1	337	1												
OpenLevel169	1	283	283	项羽&虞姬	Boss	项羽&虞姬	1070	黑狱废墟（跨服）	160	1	2	1	1	338	1	338	1												
OpenLevel169	1	283	283	项羽&虞姬	Boss	项羽&虞姬	1071	长坂废墟（跨服）	160	1	2	1	1	339	1	339	1												
OpenLevel169	1	283	283	项羽&虞姬	Boss	项羽&虞姬	1072	禁谷废墟（跨服）	160	1	2	1	1	340	1	340	1												
OpenLevel169	1	283	283	项羽&虞姬	Boss	项羽&虞姬	1067	黑狱幻境（跨服）	160	1	3	1	2	82	1	338	1												
OpenLevel169	1	283	283	项羽&虞姬	Boss	项羽&虞姬	1068	长坂幻境（跨服）	160	1	3	1	2	83	1	339	1												
OpenLevel169	1	283	283	项羽&虞姬	Boss	项羽&虞姬	1069	禁谷幻境（跨服）	160	1	3	1	2	84	1	340	1												
OpenLevel169	1	284	298	荆轲	Boss	荆轲	1077	望月遗迹（跨服）	160	8		1	1	85	1														
OpenLevel169	1	285	1344	虞姬	Boss	虞姬	1078	凝尘遗迹（跨服）	160	9		1	1	86	1														
OpenLevel169	1	286	1345	岳飞	Boss	岳飞	1079	千叶遗迹（跨服）	160	10		1	1	87	1
OpenLevel169	1	284	298	【幻境】荆轲	Boss	【幻境】荆轲	1080	望月遗迹（跨服）	160	11		1	2	85	1	341	1
OpenLevel169	1	285	1344	【幻境】虞姬	Boss	【幻境】虞姬	1081	凝尘遗迹（跨服）	160	12		1	2	86	1	342	1
OpenLevel169	1	286	1345	【幻境】岳飞	Boss	【幻境】岳飞	1082	千叶遗迹（跨服）	160	13		1	2	87	1	343	1
OpenLevel179		215	295		Boss	李元霸	1054	禁谷废墟	170	4		1	1	75	1														
OpenLevel179		216	283		Boss	项羽	1052	黑狱废墟	170	1	1	1	2	76	1	332	1												
OpenLevel179		216	283		Boss	项羽	1053	长坂废墟	170	1	1	1	2	77	1	333	1												
OpenLevel179		216	283		Boss	项羽	1054	禁谷废墟	170	1	1	1	2	78	1	334	1												
OpenLevel179	1	287	297	李广	Boss	李广	1070	黑狱废墟（跨服）	170	2		1	1	79	1														
OpenLevel179	1	288	296	赵云	Boss	赵云	1071	长坂废墟（跨服）	170	3		1	1	80	1														
OpenLevel179	1	289	295	李元霸	Boss	李元霸	1072	禁谷废墟（跨服）	170	4		1	1	81	1														
OpenLevel179	1	287	297	【幻境】李广	Boss	【幻境】李广	1067	黑狱幻境（跨服）	170	5		1	2	79	1	335	1												
OpenLevel179	1	288	296	【幻境】赵云	Boss	【幻境】赵云	1068	长坂幻境（跨服）	170	6		1	2	80	1	336	1												
OpenLevel179	1	289	295	【幻境】李元霸	Boss	【幻境】李元霸	1069	禁谷幻境（跨服）	170	7		1	2	81	1	337	1												
OpenLevel179	1	290	283	项羽&虞姬	Boss	项羽&虞姬	1070	黑狱废墟（跨服）	170	1	2	1	1	338	1	338	1												
OpenLevel179	1	290	283	项羽&虞姬	Boss	项羽&虞姬	1071	长坂废墟（跨服）	170	1	2	1	1	339	1	339	1												
OpenLevel179	1	290	283	项羽&虞姬	Boss	项羽&虞姬	1072	禁谷废墟（跨服）	170	1	2	1	1	340	1	340	1												
OpenLevel179	1	290	283	项羽&虞姬	Boss	项羽&虞姬	1067	黑狱幻境（跨服）	170	1	3	1	2	82	1	338	1												
OpenLevel179	1	290	283	项羽&虞姬	Boss	项羽&虞姬	1068	长坂幻境（跨服）	170	1	3	1	2	83	1	339	1												
OpenLevel179	1	290	283	项羽&虞姬	Boss	项羽&虞姬	1069	禁谷幻境（跨服）	170	1	3	1	2	84	1	340	1												
OpenLevel179	1	291	298	荆轲	Boss	荆轲	1077	望月遗迹（跨服）	170	8		1	1	85	1														
OpenLevel179	1	292	1344	虞姬	Boss	虞姬	1078	凝尘遗迹（跨服）	170	9		1	1	86	1														
OpenLevel179	1	293	1345	岳飞	Boss	岳飞	1079	千叶遗迹（跨服）	170	10		1	1	87	1
OpenLevel179	1	291	298	【幻境】荆轲	Boss	【幻境】荆轲	1080	望月遗迹（跨服）	170	11		1	2	85	1	341	1
OpenLevel179	1	292	1344	【幻境】虞姬	Boss	【幻境】虞姬	1081	凝尘遗迹（跨服）	170	12		1	2	86	1	342	1
OpenLevel179	1	293	1345	【幻境】岳飞	Boss	【幻境】岳飞	1082	千叶遗迹（跨服）	170	13		1	2	87	1	343	1
OpenLevel189		264	295		Boss	李元霸	1054	禁谷废墟	180	4		1	1	75	1														
OpenLevel189		265	283		Boss	项羽	1052	黑狱废墟	180	1	1	1	2	76	1	332	1												
OpenLevel189		265	283		Boss	项羽	1053	长坂废墟	180	1	1	1	2	77	1	333	1												
OpenLevel189		265	283		Boss	项羽	1054	禁谷废墟	180	1	1	1	2	78	1	334	1												
OpenLevel189	1	294	297	李广	Boss	李广	1070	黑狱废墟（跨服）	180	2		1	1	79	1														
OpenLevel189	1	295	296	赵云	Boss	赵云	1071	长坂废墟（跨服）	180	3		1	1	80	1														
OpenLevel189	1	296	295	李元霸	Boss	李元霸	1072	禁谷废墟（跨服）	180	4		1	1	81	1														
OpenLevel189	1	294	297	【幻境】李广	Boss	【幻境】李广	1067	黑狱幻境（跨服）	180	5		1	2	79	1	335	1												
OpenLevel189	1	295	296	【幻境】赵云	Boss	【幻境】赵云	1068	长坂幻境（跨服）	180	6		1	2	80	1	336	1												
OpenLevel189	1	296	295	【幻境】李元霸	Boss	【幻境】李元霸	1069	禁谷幻境（跨服）	180	7		1	2	81	1	337	1												
OpenLevel189	1	297	283	项羽&虞姬	Boss	项羽&虞姬	1070	黑狱废墟（跨服）	180	1	2	1	1	338	1	338	1												
OpenLevel189	1	297	283	项羽&虞姬	Boss	项羽&虞姬	1071	长坂废墟（跨服）	180	1	2	1	1	339	1	339	1												
OpenLevel189	1	297	283	项羽&虞姬	Boss	项羽&虞姬	1072	禁谷废墟（跨服）	180	1	2	1	1	340	1	340	1												
OpenLevel189	1	297	283	项羽&虞姬	Boss	项羽&虞姬	1067	黑狱幻境（跨服）	180	1	3	1	2	82	1	338	1												
OpenLevel189	1	297	283	项羽&虞姬	Boss	项羽&虞姬	1068	长坂幻境（跨服）	180	1	3	1	2	83	1	339	1												
OpenLevel189	1	297	283	项羽&虞姬	Boss	项羽&虞姬	1069	禁谷幻境（跨服）	180	1	3	1	2	84	1	340	1												
OpenLevel189	1	298	298	荆轲	Boss	荆轲	1077	望月遗迹（跨服）	180	8		1	1	85	1														
OpenLevel189	1	299	1344	虞姬	Boss	虞姬	1078	凝尘遗迹（跨服）	180	9		1	1	86	1														
OpenLevel189	1	300	1345	岳飞	Boss	岳飞	1079	千叶遗迹（跨服）	180	10		1	1	87	1
OpenLevel189	1	298	298	【幻境】荆轲	Boss	【幻境】荆轲	1080	望月遗迹（跨服）	180	11		1	2	85	1	341	1
OpenLevel189	1	299	1344	【幻境】虞姬	Boss	【幻境】虞姬	1081	凝尘遗迹（跨服）	180	12		1	2	86	1	342	1
OpenLevel189	1	300	1345	【幻境】岳飞	Boss	【幻境】岳飞	1082	千叶遗迹（跨服）	180	13		1	2	87	1	343	1
OpenLevel199		1	361		Leader	寒玉鹿王	405	点苍山		23		1	2	201	1	202	1	203	1	204	1	205	1	206	1	207	1	208	1
OpenLevel199		2	360		Leader	大地狼王	403	洞庭湖		24		1	2	209	1	210	1	211	1	212	1	213	1	214	1	215	1	216	1
OpenLevel199		3	359		Leader	白眉猴王	404	苗岭		25		1	2	217	1	218	1	219	1	220	1	221	1	222	1	223	1	224	1
OpenLevel199		7	343		Leader	九尾狐王	407	见性峰		20		1	2	249	1	250	1	251	1	252	1	253	1	254	1	255	1	256	1
OpenLevel199		8	341		Leader	双首异兽	406	响水洞		21		1	2	257	1	258	1	259	1	260	1	261	1	262	1	263	1	264	1
OpenLevel199		9	342		Leader	奔焰豹王	408	剑门关		22		1	2	265	1	266	1	267	1	268	1	269	1	270	1	271	1	272	1
OpenLevel199		49	322		Leader	定海金刚	412	古战场		17		1	2	597	1	598	1	599	1	600	1	601	1	602	1	603	1	604	1
OpenLevel199		50	323		Leader	金翅鹏皇	410	荐菊洞		18		1	2	605	1	606	1	607	1	608	1	609	1	610	1	611	1	612	1
OpenLevel199		51	324		Leader	银角犀皇	411	伏牛山		19		1	2	613	1	614	1	615	1	616	1	617	1	618	1	619	1	620	1
OpenLevel199		77	320		Leader	撼天熊皇	415	敦煌古城		14		1	2	757	1	758	1	759	1	760	1	761	1	762	1	763	1	764	1
OpenLevel199		76	319		Leader	赤睛虎皇	414	沙漠遗迹		15		1	2	749	1	750	1	751	1	752	1	753	1	754	1	755	1	756	1
OpenLevel199		78	321		Leader	紫背鳄皇	413	祁连山		16		1	2	765	1	766	1	767	1	768	1	769	1	770	1	771	1	772	1
OpenLevel199		107	2281		Leader	冰鳞蜥皇	418	长白山		11		1	2	975	1	976	1	977	1	978	1	979	1	980	1	981	1	982	1
OpenLevel199		108	2283		Leader	银钩蝎皇	416	药王谷		12		1	2	983	1	984	1	985	1	986	1	987	1	988	1	989	1	990	1
OpenLevel199		109	2285		Leader	狂鬃獒皇	417	漠北草原		13		1	2	991	1	992	1	993	1	994	1	995	1	996	1	997	1	998	1
OpenLevel199		327	2872		Leader	龙纹狮王	423	居延泽		9		1	2	1197	1	1198	1	1199	1	1200	1	1201	1	1202	1	1203	1	1204	1
OpenLevel199		328	2871		Leader	巨螯蜂后	424	西夏皇陵		10		1	2	1205	1	1206	1	1207	1	1208	1	1209	1	1210	1	1211	1	1212	1
OpenLevel199		329	3330		Leader	万毒棘皇	426	蓬丘岱屿		5		1	1	1225	1	1226	1	1227	1	1228	1	1229	1	1230	1	1231	1	1232	1
OpenLevel199		330	3331		Leader	玄冰貂皇	427	雾凇雪岭		6		1	1	1233	1	1234	1	1235	1	1236	1	1237	1	1238	1	1239	1	1240	1
OpenLevel199		329	3330		Leader	万毒棘皇	423	居延泽		7		1	1	1241	1	1242	1	1243	1
OpenLevel199		330	3331		Leader	玄冰貂皇	424	西夏皇陵		8		1	1	1244	1	1245	1	1246	1
OpenLevel199		331	3731		Leader	磐石牛王	429	茶马商道		1		1	3	1247	1	1248	1	1249	1	1250	1	1251	1	1252	1	1253	1	1254	1
OpenLevel199		332	3732		Leader	炙炎牛后	430	震泽渡口		2		1	3	1255	1	1256	1	1257	1	1258	1	1259	1	1260	1	1261	1	1262	1
OpenLevel199		331	3731		Leader	磐石牛王	426	蓬丘岱屿		3		1	1	1263	1	1264	1	1265	1
OpenLevel199		332	3732		Leader	炙炎牛后	427	雾凇雪岭		4		1	1	1266	1	1267	1	1268	1
OpenLevel199		307	317		Boss	鳌拜	1030	地牢禁地	190	8		1	1	45	1
OpenLevel199		308	316		Boss	袁承志	1031	落叶禁地	190	9		1	1	46	1
OpenLevel199		309	318		Boss	韩世忠	1032	竹林禁地	190	10		1	1	47	1
OpenLevel199		310	314		Boss	哲别	1033	轮回禁地	190	11		1	1	48	1
OpenLevel199		311	313		Boss	高长恭	1034	溟渊禁地	190	12		1	1	49	1
OpenLevel199		312	315		Boss	秦良玉	1035	森罗禁地	190	13		1	1	50	1
OpenLevel199		313	298		Boss	荆轲	1049	望月遗迹	190	5		1	1	70	1
OpenLevel199		314	1344		Boss	虞姬	1050	凝尘遗迹	190	6		1	1	71	1
OpenLevel199		315	1345		Boss	岳飞	1051	千叶遗迹	190	7		1	1	72	1
OpenLevel199		316	297		Boss	李广	1052	黑狱废墟	190	2		1	1	73	1
OpenLevel199		317	296		Boss	赵云	1053	长坂废墟	190	3		1	1	74	1
OpenLevel199		318	295		Boss	李元霸	1054	禁谷废墟	190	4		1	1	75	1
OpenLevel199		319	283		Boss	项羽	1052	黑狱废墟	190	1	1	1	2	76	1	332	1
OpenLevel199		319	283		Boss	项羽	1053	长坂废墟	190	1	1	1	2	77	1	333	1
OpenLevel199		319	283		Boss	项羽	1054	禁谷废墟	190	1	1	1	2	78	1	334	1
OpenLevel199	1	320	297	李广	Boss	李广	1070	黑狱废墟（跨服）	190	2		1	1	79	1
OpenLevel199	1	321	296	赵云	Boss	赵云	1071	长坂废墟（跨服）	190	3		1	1	80	1
OpenLevel199	1	322	295	李元霸	Boss	李元霸	1072	禁谷废墟（跨服）	190	4		1	1	81	1
OpenLevel199	1	320	297	【幻境】李广	Boss	【幻境】李广	1067	黑狱幻境（跨服）	190	5		1	2	79	1	335	1
OpenLevel199	1	321	296	【幻境】赵云	Boss	【幻境】赵云	1068	长坂幻境（跨服）	190	6		1	2	80	1	336	1
OpenLevel199	1	322	295	【幻境】李元霸	Boss	【幻境】李元霸	1069	禁谷幻境（跨服）	190	7		1	2	81	1	337	1
OpenLevel199	1	323	283	项羽&虞姬	Boss	项羽&虞姬	1070	黑狱废墟（跨服）	190	1	2	1	1	338	1	338	1
OpenLevel199	1	323	283	项羽&虞姬	Boss	项羽&虞姬	1071	长坂废墟（跨服）	190	1	2	1	1	339	1	339	1
OpenLevel199	1	323	283	项羽&虞姬	Boss	项羽&虞姬	1072	禁谷废墟（跨服）	190	1	2	1	1	340	1	340	1
OpenLevel199	1	323	283	项羽&虞姬	Boss	项羽&虞姬	1067	黑狱幻境（跨服）	190	1	3	1	2	82	1	338	1
OpenLevel199	1	323	283	项羽&虞姬	Boss	项羽&虞姬	1068	长坂幻境（跨服）	190	1	3	1	2	83	1	339	1
OpenLevel199	1	323	283	项羽&虞姬	Boss	项羽&虞姬	1069	禁谷幻境（跨服）	190	1	3	1	2	84	1	340	1
OpenLevel199	1	324	298	荆轲	Boss	荆轲	1077	望月遗迹（跨服）	190	8		1	1	85	1
OpenLevel199	1	325	1344	虞姬	Boss	虞姬	1078	凝尘遗迹（跨服）	190	9		1	1	86	1
OpenLevel199	1	326	1345	岳飞	Boss	岳飞	1079	千叶遗迹（跨服）	190	10		1	1	87	1
OpenLevel199	1	324	298	【幻境】荆轲	Boss	【幻境】荆轲	1080	望月遗迹（跨服）	190	11		1	2	85	1	341	1
OpenLevel199	1	325	1344	【幻境】虞姬	Boss	【幻境】虞姬	1081	凝尘遗迹（跨服）	190	12		1	2	86	1	342	1
OpenLevel199	1	326	1345	【幻境】岳飞	Boss	【幻境】岳飞	1082	千叶遗迹（跨服）	190	13		1	2	87	1	343	1
