Level	SSSS	SSSS_Base	SSS	SSS_Base	SS	SS_Base	S	S_Base	A	A_Base	B	B_Base	C	C_Base
1	10400	250	10000	250	9600	250	8800	250	8000	250	6400	250	4800	250
2	10400	250	10000	250	9600	250	8800	250	8000	250	6400	250	4800	250
3	11700	250	11250	250	10800	250	9900	250	9000	250	7200	250	5400	250
4	13000	250	12500	250	12000	250	11000	250	10000	250	8000	250	6000	250
5	14300	250	13750	250	13200	250	12100	250	11000	250	8800	250	6600	250
6	15600	250	15000	250	14400	250	13200	250	12000	250	9600	250	7200	250
7	16900	250	16250	250	15600	250	14300	250	13000	250	10400	250	7800	250
8	18200	250	17500	250	16800	250	15400	250	14000	250	11200	250	8400	250
9	19500	250	18750	250	18000	250	16500	250	15000	250	12000	250	9000	250
10	39000	500	37500	500	36000	500	33000	500	30000	500	24000	500	18000	500
11	45500	500	43750	500	42000	500	38500	500	35000	500	28000	500	21000	500
12	52000	500	50000	500	48000	500	44000	500	40000	500	32000	500	24000	500
13	58500	500	56250	500	54000	500	49500	500	45000	500	36000	500	27000	500
14	65000	500	62500	500	60000	500	55000	500	50000	500	40000	500	30000	500
15	71500	500	68750	500	66000	500	60500	500	55000	500	44000	500	33000	500
16	78000	500	75000	500	72000	500	66000	500	60000	500	48000	500	36000	500
17	84500	500	81250	500	78000	500	71500	500	65000	500	52000	500	39000	500
18	91000	500	87500	500	84000	500	77000	500	70000	500	56000	500	42000	500
19	97500	500	93750	500	90000	500	82500	500	75000	500	60000	500	45000	500
20	175500	750	168750	750	162000	750	148500	750	135000	750	108000	750	81000	750
21	195000	750	187500	750	180000	750	165000	750	150000	750	120000	750	90000	750
22	214500	750	206250	750	198000	750	181500	750	165000	750	132000	750	99000	750
23	234000	750	225000	750	216000	750	198000	750	180000	750	144000	750	108000	750
24	253500	750	243750	750	234000	750	214500	750	195000	750	156000	750	117000	750
25	292500	750	281250	750	270000	750	247500	750	225000	750	180000	750	135000	750
26	331500	750	318750	750	306000	750	280500	750	255000	750	204000	750	153000	750
27	370500	750	356250	750	342000	750	313500	750	285000	750	228000	750	171000	750
28	409500	750	393750	750	378000	750	346500	750	315000	750	252000	750	189000	750
29	448500	750	431250	750	414000	750	379500	750	345000	750	276000	750	207000	750
30	975000	1000	937500	1000	900000	1000	825000	1000	750000	1000	600000	1000	450000	1000
31	1105000	1000	1062500	1000	1020000	1000	935000	1000	850000	1000	680000	1000	510000	1000
32	1235000	1000	1187500	1000	1140000	1000	1045000	1000	950000	1000	760000	1000	570000	1000
33	1365000	1000	1312500	1000	1260000	1000	1155000	1000	1050000	1000	840000	1000	630000	1000
34	1495000	1000	1437500	1000	1380000	1000	1265000	1000	1150000	1000	920000	1000	690000	1000
35	1625000	1000	1562500	1000	1500000	1000	1375000	1000	1250000	1000	1000000	1000	750000	1000
36	1755000	1000	1687500	1000	1620000	1000	1485000	1000	1350000	1000	1080000	1000	810000	1000
37	1885000	1000	1812500	1000	1740000	1000	1595000	1000	1450000	1000	1160000	1000	870000	1000
38	2015000	1000	1937500	1000	1860000	1000	1705000	1000	1550000	1000	1240000	1000	930000	1000
39	2145000	1000	2062500	1000	1980000	1000	1815000	1000	1650000	1000	1320000	1000	990000	1000
40	2925000	1250	2812500	1250	2700000	1250	2475000	1250	2250000	1250	1800000	1250	1350000	1250
41	3412500	1250	3281250	1250	3150000	1250	2887500	1250	2625000	1250	2100000	1250	1575000	1250
42	3900000	1250	3750000	1250	3600000	1250	3300000	1250	3000000	1250	2400000	1250	1800000	1250
43	4387500	1250	4218750	1250	4050000	1250	3712500	1250	3375000	1250	2700000	1250	2025000	1250
44	4875000	1250	4687500	1250	4500000	1250	4125000	1250	3750000	1250	3000000	1250	2250000	1250
45	5362500	1250	5156250	1250	4950000	1250	4537500	1250	4125000	1250	3300000	1250	2475000	1250
46	5850000	1250	5625000	1250	5400000	1250	4950000	1250	4500000	1250	3600000	1250	2700000	1250
47	6337500	1250	6093750	1250	5850000	1250	5362500	1250	4875000	1250	3900000	1250	2925000	1250
48	6825000	1250	6562500	1250	6300000	1250	5775000	1250	5250000	1250	4200000	1250	3150000	1250
49	7312500	1250	7031250	1250	6750000	1250	6187500	1250	5625000	1250	4500000	1250	3375000	1250
50	9126000	1500	8775000	1500	8424000	1500	7722000	1500	7020000	1500	5616000	1500	4212000	1500
51	9906000	1500	9525000	1500	9144000	1500	8382000	1500	7620000	1500	6096000	1500	4572000	1500
52	10686000	1500	10275000	1500	9864000	1500	9042000	1500	8220000	1500	6576000	1500	4932000	1500
53	11466000	1500	11025000	1500	10584000	1500	9702000	1500	8820000	1500	7056000	1500	5292000	1500
54	12246000	1500	11775000	1500	11304000	1500	10362000	1500	9420000	1500	7536000	1500	5652000	1500
55	13026000	1500	12525000	1500	12024000	1500	11022000	1500	10020000	1500	8016000	1500	6012000	1500
56	13806000	1500	13275000	1500	12744000	1500	11682000	1500	10620000	1500	8496000	1500	6372000	1500
57	14586000	1500	14025000	1500	13464000	1500	12342000	1500	11220000	1500	8976000	1500	6732000	1500
58	15366000	1500	14775000	1500	14184000	1500	13002000	1500	11820000	1500	9456000	1500	7092000	1500
59	16146000	1500	15525000	1500	14904000	1500	13662000	1500	12420000	1500	9936000	1500	7452000	1500
60	23341500	1750	22443750	1750	21546000	1750	19750500	1750	17955000	1750	14364000	1750	10773000	1750
61	24706500	1750	23756250	1750	22806000	1750	20905500	1750	19005000	1750	15204000	1750	11403000	1750
62	26071500	1750	25068750	1750	24066000	1750	22060500	1750	20055000	1750	16044000	1750	12033000	1750
63	27436500	1750	26381250	1750	25326000	1750	23215500	1750	21105000	1750	16884000	1750	12663000	1750
64	28801500	1750	27693750	1750	26586000	1750	24370500	1750	22155000	1750	17724000	1750	13293000	1750
65	30166500	1750	29006250	1750	27846000	1750	25525500	1750	23205000	1750	18564000	1750	13923000	1750
66	31531500	1750	30318750	1750	29106000	1750	26680500	1750	24255000	1750	19404000	1750	14553000	1750
67	32896500	1750	31631250	1750	30366000	1750	27835500	1750	25305000	1750	20244000	1750	15183000	1750
68	34261500	1750	32943750	1750	31626000	1750	28990500	1750	26355000	1750	21084000	1750	15813000	1750
69	35626500	1750	34256250	1750	32886000	1750	30145500	1750	27405000	1750	21924000	1750	16443000	1750
70	41769000	2000	40162500	2000	38556000	2000	35343000	2000	32130000	2000	25704000	2000	19278000	2000
71	43719000	2000	42037500	2000	40356000	2000	36993000	2000	33630000	2000	26904000	2000	20178000	2000
72	45669000	2000	43912500	2000	42156000	2000	38643000	2000	35130000	2000	28104000	2000	21078000	2000
73	47619000	2000	45787500	2000	43956000	2000	40293000	2000	36630000	2000	29304000	2000	21978000	2000
74	49569000	2000	47662500	2000	45756000	2000	41943000	2000	38130000	2000	30504000	2000	22878000	2000
75	51519000	2000	49537500	2000	47556000	2000	43593000	2000	39630000	2000	31704000	2000	23778000	2000
76	53469000	2000	51412500	2000	49356000	2000	45243000	2000	41130000	2000	32904000	2000	24678000	2000
77	55419000	2000	53287500	2000	51156000	2000	46893000	2000	42630000	2000	34104000	2000	25578000	2000
78	57369000	2000	55162500	2000	52956000	2000	48543000	2000	44130000	2000	35304000	2000	26478000	2000
79	59319000	2000	57037500	2000	54756000	2000	50193000	2000	45630000	2000	36504000	2000	27378000	2000
80	62653500	2250	60243750	2250	57834000	2250	53014500	2250	48195000	2250	38556000	2250	28917000	2250
81	65578500	2250	63056250	2250	60534000	2250	55489500	2250	50445000	2250	40356000	2250	30267000	2250
82	68503500	2250	65868750	2250	63234000	2250	57964500	2250	52695000	2250	42156000	2250	31617000	2250
83	71428500	2250	68681250	2250	65934000	2250	60439500	2250	54945000	2250	43956000	2250	32967000	2250
84	74353500	2250	71493750	2250	68634000	2250	62914500	2250	57195000	2250	45756000	2250	34317000	2250
85	77278500	2250	74306250	2250	71334000	2250	65389500	2250	59445000	2250	47556000	2250	35667000	2250
86	80203500	2250	77118750	2250	74034000	2250	67864500	2250	61695000	2250	49356000	2250	37017000	2250
87	83128500	2250	79931250	2250	76734000	2250	70339500	2250	63945000	2250	51156000	2250	38367000	2250
88	86053500	2250	82743750	2250	79434000	2250	72814500	2250	66195000	2250	52956000	2250	39717000	2250
89	88978500	2250	85556250	2250	82134000	2250	75289500	2250	68445000	2250	54756000	2250	41067000	2250
90	97461000	2500	93712500	2500	89964000	2500	82467000	2500	74970000	2500	59976000	2500	44982000	2500
91	102011000	2500	98087500	2500	94164000	2500	86317000	2500	78470000	2500	62776000	2500	47082000	2500
92	106561000	2500	102462500	2500	98364000	2500	90167000	2500	81970000	2500	65576000	2500	49182000	2500
93	111111000	2500	106837500	2500	102564000	2500	94017000	2500	85470000	2500	68376000	2500	51282000	2500
94	115661000	2500	111212500	2500	106764000	2500	97867000	2500	88970000	2500	71176000	2500	53382000	2500
95	120211000	2500	115587500	2500	110964000	2500	101717000	2500	92470000	2500	73976000	2500	55482000	2500
96	124761000	2500	119962500	2500	115164000	2500	105567000	2500	95970000	2500	76776000	2500	57582000	2500
97	129311000	2500	124337500	2500	119364000	2500	109417000	2500	99470000	2500	79576000	2500	59682000	2500
98	130000000	2500	125000000	2500	120000000	2500	110000000	2500	100000000	2500	80000000	2500	60000000	2500
99	130000000	2500	125000000	2500	120000000	2500	110000000	2500	100000000	2500	80000000	2500	60000000	2500
100	130000000	2500	125000000	2500	120000000	2500	110000000	2500	100000000	2500	80000000	2500	60000000	2500
101	133250000	2500	128125000	2500	123000000	2500	112750000	2500	102500000	2500	82000000	2500	61500000	2500
102	136500000	2500	131250000	2500	126000000	2500	115500000	2500	105000000	2500	84000000	2500	63000000	2500
103	139750000	2500	134375000	2500	129000000	2500	118250000	2500	107500000	2500	86000000	2500	64500000	2500
104	143000000	2500	137500000	2500	132000000	2500	121000000	2500	110000000	2500	88000000	2500	66000000	2500
105	146250000	2500	140625000	2500	135000000	2500	123750000	2500	112500000	2500	90000000	2500	67500000	2500
106	149500000	2500	143750000	2500	138000000	2500	126500000	2500	115000000	2500	92000000	2500	69000000	2500
107	152750000	2500	146875000	2500	141000000	2500	129250000	2500	117500000	2500	94000000	2500	70500000	2500
108	156000000	2500	150000000	2500	144000000	2500	132000000	2500	120000000	2500	96000000	2500	72000000	2500
109	159250000	2500	153125000	2500	147000000	2500	134750000	2500	122500000	2500	98000000	2500	73500000	2500
110	162500000	2500	156250000	2500	150000000	2500	137500000	2500	125000000	2500	100000000	2500	75000000	2500
111	165750000	2500	159375000	2500	153000000	2500	140250000	2500	127500000	2500	102000000	2500	76500000	2500
112	169000000	2500	162500000	2500	156000000	2500	143000000	2500	130000000	2500	104000000	2500	78000000	2500
113	172250000	2500	165625000	2500	159000000	2500	145750000	2500	132500000	2500	106000000	2500	79500000	2500
114	175500000	2500	168750000	2500	162000000	2500	148500000	2500	135000000	2500	108000000	2500	81000000	2500
115	178750000	2500	171875000	2500	165000000	2500	151250000	2500	137500000	2500	110000000	2500	82500000	2500
116	182000000	2500	175000000	2500	168000000	2500	154000000	2500	140000000	2500	112000000	2500	84000000	2500
117	185250000	2500	178125000	2500	171000000	2500	156750000	2500	142500000	2500	114000000	2500	85500000	2500
118	188500000	2500	181250000	2500	174000000	2500	159500000	2500	145000000	2500	116000000	2500	87000000	2500
119	191750000	2500	184375000	2500	177000000	2500	162250000	2500	147500000	2500	118000000	2500	88500000	2500
120	195000000	2500	187500000	2500	180000000	2500	165000000	2500	150000000	2500	120000000	2500	90000000	2500
121	198250000	2500	190625000	2500	183000000	2500	167750000	2500	152500000	2500	122000000	2500	91500000	2500
122	201500000	2500	193750000	2500	186000000	2500	170500000	2500	155000000	2500	124000000	2500	93000000	2500
123	204750000	2500	196875000	2500	189000000	2500	173250000	2500	157500000	2500	126000000	2500	94500000	2500
124	208000000	2500	200000000	2500	192000000	2500	176000000	2500	160000000	2500	128000000	2500	96000000	2500
125	211250000	2500	203125000	2500	195000000	2500	178750000	2500	162500000	2500	130000000	2500	97500000	2500
126	214500000	2500	206250000	2500	198000000	2500	181500000	2500	165000000	2500	132000000	2500	99000000	2500
127	217750000	2500	209375000	2500	201000000	2500	184250000	2500	167500000	2500	134000000	2500	100500000	2500
128	221000000	2500	212500000	2500	204000000	2500	187000000	2500	170000000	2500	136000000	2500	102000000	2500
129	224250000	2500	215625000	2500	207000000	2500	189750000	2500	172500000	2500	138000000	2500	103500000	2500
130	224250000	2500	215625000	2500	207000000	2500	189750000	2500	172500000	2500	138000000	2500	103500000	2500
131	224575000	2500	215937500	2500	207300000	2500	190025000	2500	172750000	2500	138200000	2500	103650000	2500
132	224900000	2500	216250000	2500	207600000	2500	190300000	2500	173000000	2500	138400000	2500	103800000	2500
133	225225000	2500	216562500	2500	207900000	2500	190575000	2500	173250000	2500	138600000	2500	103950000	2500
134	225550000	2500	216875000	2500	208200000	2500	190850000	2500	173500000	2500	138800000	2500	104100000	2500
135	225875000	2500	217187500	2500	208500000	2500	191125000	2500	173750000	2500	139000000	2500	104250000	2500
136	226200000	2500	217500000	2500	208800000	2500	191400000	2500	174000000	2500	139200000	2500	104400000	2500
137	226525000	2500	217812500	2500	209100000	2500	191675000	2500	174250000	2500	139400000	2500	104550000	2500
138	226850000	2500	218125000	2500	209400000	2500	191950000	2500	174500000	2500	139600000	2500	104700000	2500
139	227175000	2500	218437500	2500	209700000	2500	192225000	2500	174750000	2500	139800000	2500	104850000	2500
