nSkillBookId	Name	nType	nLevel	nQuality	nSeries	nSkillId	nLevelupId	nLevelValue1	nLevelValue2	nLevelValue3	nLevelValue4	nLevelValue5	nLevelValue6	nLevelValue7	nLevelValue8	nLevelValue9	nLevelValue10
1	无名斩	1	1	2	1	901	1	150000									
2	寒霜印	2	1	2	3	902	1	150000									
3	剧毒镖	3	1	2	2	903	1	150000									
4	霹雳印	4	1	2	4	904	1	150000									
5	雷霆印	5	1	2	5	905	1	150000									
6	破天斩	6	1	3	1	906	1	500000									
7	冰封指	7	1	3	3	907	1	500000									
8	袖里箭	8	1	3	2	908	1	500000									
9	烈焰指	9	1	3	4	909	1	500000									
10	怒雷指	10	1	3	5	910	1	500000									
11	半月斩	11	1	4	1	911	1	1500000									
12	惊涛骇浪	12	1	4	3	912	1	1500000									
13	穿心刺	13	1	4	2	914	1	1500000									
14	推山填海	14	1	4	4	916	1	1500000									
15	九天狂雷	15	1	4	5	917	1	1500000									
16	治愈术	16	1	2		921	1	150000									
17	群体治愈术	17	1	3		923	1	500000									
18	百草仙露	18	1	5		925	1	5000000									
19	毒瘴术	19	1	3		927	1	500000									
20	群体毒瘴	20	1	4		928	1	1500000									
21	金刚护体	21	1	3		930	1	500000									
22	群体金刚	22	1	4		931	1	1500000									
23	不动明王	23	1	3		933	1	500000									
24	群体明王	24	1	4		934	1	1500000									
25	枯木逢春	25	1	3		936	1	500000									
26	涅槃重生	26	1	4		938	1	1500000									
27	蓄力箭	27	1	3		940	1	500000									
28	【初级】命中	1000	1	1		1901	1	50000									
29	【中级】命中	1000	2	2		1902	1	150000									
30	【高级】命中	1000	3	3		1903	1	500000									
31	【初级】闪避	1001	1	1		1904	1	50000									
32	【中级】闪避	1001	2	2		1905	1	150000									
33	【高级】闪避	1001	3	3		1906	1	500000									
34	【初级】忽略闪避	1002	1	1		1907	1	50000									
35	【中级】忽略闪避	1002	2	2		1908	1	150000									
36	【高级】忽略闪避	1002	3	3		1909	1	500000									
37	【初级】抗会心几率	1003	1	1		1910	1	50000									
38	【中级】抗会心几率	1003	2	2		1911	1	150000									
39	【高级】抗会心几率	1003	3	3		1912	1	500000									
40	【初级】生命回复	1004	1	1		1913	1	50000									
41	【中级】生命回复	1004	2	2		1914	1	150000									
42	【高级】生命回复	1004	3	3		1915	1	500000									
58	【初级】会心几率	1010	1	2		1931	1	150000									
59	【中级】会心几率	1010	2	3		1932	1	500000									
60	【高级】会心几率	1010	3	4		1933	1	1500000									
61	【初级】攻击力	1011	1	2		1934	1	150000									
62	【中级】攻击力	1011	2	3		1935	1	500000									
63	【高级】攻击力	1011	3	4		1936	1	1500000									
64	【初级】生命	1012	1	2		1937	1	150000									
65	【中级】生命	1012	2	3		1938	1	500000									
66	【高级】生命	1012	3	4		1939	1	1500000									
70	【初级】金系抗性	1014	1	2		1943	1	150000									
71	【中级】金系抗性	1014	2	3		1944	1	500000									
72	【高级】金系抗性	1014	3	4		1945	1	1500000									
73	【初级】木系抗性	1015	1	2		1946	1	150000									
74	【中级】木系抗性	1015	2	3		1947	1	500000									
75	【高级】木系抗性	1015	3	4		1948	1	1500000									
76	【初级】水系抗性	1016	1	2		1949	1	150000									
77	【中级】水系抗性	1016	2	3		1950	1	500000									
78	【高级】水系抗性	1016	3	4		1951	1	1500000									
79	【初级】火系抗性	1017	1	2		1952	1	150000									
80	【中级】火系抗性	1017	2	3		1953	1	500000									
81	【高级】火系抗性	1017	3	4		1954	1	1500000									
82	【初级】土系抗性	1018	1	2		1955	1	150000									
83	【中级】土系抗性	1018	2	3		1956	1	500000									
84	【高级】土系抗性	1018	3	4		1957	1	1500000									
85	【初级】抗属性效果	1019	1	2		1958	1	150000									
86	【中级】抗属性效果	1019	2	3		1959	1	500000									
87	【高级】抗属性效果	1019	3	4		1960	1	1500000									
88	【初级】吸取生命	1020	1	3		1961	1	500000									
89	【中级】吸取生命	1020	2	4		1962	1	1500000									
90	【高级】吸取生命	1020	3	5		1963	1	5000000									
91	【初级】受伤效果	1021	1	3	1	1964	1	500000									
92	【中级】受伤效果	1021	2	4	1	1965	1	1500000									
93	【高级】受伤效果	1021	3	5	1	1966	1	5000000									
94	【初级】迟缓效果	1022	1	3	3	1967	1	500000									
95	【中级】迟缓效果	1022	2	4	3	1968	1	1500000									
96	【高级】迟缓效果	1022	3	5	3	1969	1	5000000									
97	【初级】致缠效果	1023	1	3	2	1970	1	500000									
98	【中级】致缠效果	1023	2	4	2	1971	1	1500000									
99	【高级】致缠效果	1023	3	5	2	1972	1	5000000									
100	【初级】麻痹效果	1024	1	3	4	1973	1	500000									
101	【中级】麻痹效果	1024	2	4	4	1974	1	1500000									
102	【高级】麻痹效果	1024	3	5	4	1975	1	5000000									
103	【初级】眩晕效果	1025	1	3	5	1976	1	500000									
104	【中级】眩晕效果	1025	2	4	5	1977	1	1500000									
105	【高级】眩晕效果	1025	3	5	5	1978	1	5000000									
106	【初级】全系抗性	1026	1	3		1979	1	500000									
107	【中级】全系抗性	1026	2	4		1980	1	1500000									
108	【高级】全系抗性	1026	3	5		1981	1	5000000									
109	【初级】忽略全系抗性	1027	1	3		1982	1	500000									
110	【中级】忽略全系抗性	1027	2	4		1983	1	1500000									
111	【高级】忽略全系抗性	1027	3	5		1984	1	5000000									
112	【初级】反击	1028	1	3		1985	1	500000									
113	【中级】反击	1028	2	4		1988	1	1500000									
114	【高级】反击	1028	3	5		1991	1	5000000									
115	【初级】攻击速度	1029	1	3		1994	1	500000									
116	【中级】攻击速度	1029	2	4		1995	1	1500000									
117	【高级】攻击速度	1029	3	5		1996	1	5000000									
118	青龙分海爪	1011	6	6		3232	1	15000000									
119	玄武大荒钟	1012	6	6		3233	1	15000000									
120	金矢	11	6	6	1	3235	1	15000000									
121	密林斗繁星	13	6	6	2	3238	1	15000000									
122	逆流	12	6	6	3	3241	1	15000000									
123	三昧离火狱	14	6	6	4	3244	1	15000000									
124	八方星雷恸	15	6	6	5	3247	1	15000000									
125	高级群体金刚	22	6	6		3250	1	15000000									
126	高级群体明王	24	6	6		3252	1	15000000									
127	轮回往生	26	6	6		3254	1	15000000									
128	破天一击	27	6	6		3257	1	15000000									
129	十方俱静	1030	6	6		3259	1	15000000									
130	高级群体毒瘴	20	6	6		3261	1	15000000									
131	启明之怒	11	7	7	1	5703	1	30000000									
132	句芒唤荆	13	7	7	2	5705	1	30000000									
133	怒霜狂滔	12	7	7	3	5707	1	30000000									
134	焚天火祭	14	7	7	4	5709	1	30000000									
135	大地蟒动	15	7	7	5	5711	1	30000000									
136	超群金刚	22	7	7		5713	1	30000000									
137	超群明王	24	7	7		5716	1	30000000									
138	六道轮回	26	7	7		5718	1	30000000									
139	破天惊月	27	7	7		5721	1	30000000									
140	百念惧灭	1030	7	7		5724	1	30000000									
141	毒泷恶雾	20	7	7		5726	1	30000000									
142	穿甲破铠	28	7	7		5728	1	30000000									
143	断汲	29	7	7		5729	1	30000000									
