Index	NpcName	TitleID	NpcTemplateId	WalkNearLength	CanAutoPath	NpcLevel	XPos	YPos	StandDir	Quantity	NpcType	NpcCamp	NpcDroprate	NpcSeriesAuto	NpcSeriesMetal	NpcSeriesWood	NpcSeriesWater	NpcSeriesFire	NpcSeriesEarth	Removewhendeath	ChangeColorScheme
weituoren	委托人		952	50	1	50	6484	7056	30	-1	0	0		0	0	0	0	0	0	0	0
yewai_40_PK_1	恶人谷屠夫		1222	50		40	2210	11216	0	-1	0	0		-1	0	0	0	0	0	0	0
yewai_40_PK_1	恶人谷屠夫		1222	50		40	2026	10619	0	-1	0	0		-1	0	0	0	0	0	0	0
yewai_40_PK_1	恶人谷屠夫		1222	50		40	2700	11274	0	-1	0	0		-1	0	0	0	0	0	0	0
yewai_40_PK_1	恶人谷屠夫		1222	50		40	1963	11259	0	-1	0	0		-1	0	0	0	0	0	0	0
yewai_40_PK_1	恶人谷屠夫		1222	50		40	1702	11309	0	-1	0	0		-1	0	0	0	0	0	0	0
yewai_40_PK_1	恶人谷屠夫		1222	50		40	1845	10860	0	-1	0	0		-1	0	0	0	0	0	0	0
yewai_40_PK_1	恶人谷屠夫		1222	50		40	1978	11595	0	-1	0	0		-1	0	0	0	0	0	0	0
yewai_40_PK_1	恶人谷屠夫		1222	50		40	2436	11328	0	-1	0	0		-1	0	0	0	0	0	0	0
yewai_40_PK_1	恶人谷屠夫		1222	50		40	2271	11566	0	-1	0	0		-1	0	0	0	0	0	0	0
yewai_40_PK_1	恶人谷屠夫		1222	50		40	2645	11515	0	-1	0	0		-1	0	0	0	0	0	0	0
yewai_40_PK_1	恶人谷屠夫		1222	50		40	2855	11283	0	-1	0	0		-1	0	0	0	0	0	0	0
yewai_40_PK_1	恶人谷屠夫		1222	50		40	2409	11085	0	-1	0	0		-1	0	0	0	0	0	0	0
yewai_40_PK_1	恶人谷屠夫		1222	50		40	2666	11012	0	-1	0	0		-1	0	0	0	0	0	0	0
yewai_40_PK_1	恶人谷屠夫		1222	50		40	2937	11042	0	-1	0	0		-1	0	0	0	0	0	0	0
yewai_40_PK_1	恶人谷屠夫		1222	50		40	2056	10999	0	-1	0	0		-1	0	0	0	0	0	0	0
yewai_40_PK_1	恶人谷屠夫		1222	50		40	2280	10849	0	-1	0	0		-1	0	0	0	0	0	0	0
yewai_40_PK_1	恶人谷屠夫		1222	50		40	2555	10746	0	-1	0	0		-1	0	0	0	0	0	0	0
yewai_40_PK_1	恶人谷屠夫		1222	50		40	2314	10600	0	-1	0	0		-1	0	0	0	0	0	0	0
yewai_40_PK_1	恶人谷屠夫		1222	50		40	2512	10342	0	-1	0	0		-1	0	0	0	0	0	0	0
yewai_40_PK_1	恶人谷屠夫		1222	50		40	2185	10312	0	-1	0	0		-1	0	0	0	0	0	0	0
yewai_40_PK_1	恶人谷屠夫		1222	50		40	1794	10385	0	-1	0	0		-1	0	0	0	0	0	0	0
yewai_40_PK_1	恶人谷屠夫		1222	50		40	1622	10608	0	-1	0	0		-1	0	0	0	0	0	0	0
yewai_40_PK_1	恶人谷屠夫		1222	50		40	1592	10974	0	-1	0	0		-1	0	0	0	0	0	0	0
yewai_40_PK_1	恶人谷屠夫		1222	50		40	4103	8889	0	-1	0	0		-1	0	0	0	0	0	0	0
yewai_40_PK_1	恶人谷屠夫		1222	50		40	3739	8040	0	-1	0	0		-1	0	0	0	0	0	0	0
yewai_40_PK_1	恶人谷屠夫		1222	50		40	3547	8471	0	-1	0	0		-1	0	0	0	0	0	0	0
yewai_40_PK_1	恶人谷屠夫		1222	50		40	4263	8590	0	-1	0	0		-1	0	0	0	0	0	0	0
yewai_40_PK_1	恶人谷屠夫		1222	50		40	4553	8522	0	-1	0	0		-1	0	0	0	0	0	0	0
yewai_40_PK_1	恶人谷屠夫		1222	50		40	4299	8253	0	-1	0	0		-1	0	0	0	0	0	0	0
yewai_40_PK_1	恶人谷屠夫		1222	50		40	4667	8175	0	-1	0	0		-1	0	0	0	0	0	0	0
yewai_40_PK_1	恶人谷屠夫		1222	50		40	3615	7683	0	-1	0	0		-1	0	0	0	0	0	0	0
yewai_40_PK_1	恶人谷屠夫		1222	50		40	3475	8113	0	-1	0	0		-1	0	0	0	0	0	0	0
yewai_40_PK_1	恶人谷屠夫		1222	50		40	3786	8766	0	-1	0	0		-1	0	0	0	0	0	0	0
yewai_40_PK_1	恶人谷屠夫		1222	50		40	3998	8217	0	-1	0	0		-1	0	0	0	0	0	0	0
yewai_40_PK_1	恶人谷屠夫		1222	50		40	3952	8512	0	-1	0	0		-1	0	0	0	0	0	0	0
yewai_40_PK_1	恶人谷屠夫		1222	50		40	4523	7933	0	-1	0	0		-1	0	0	0	0	0	0	0
yewai_40_PK_1	恶人谷屠夫		1222	50		40	4805	7734	0	-1	0	0		-1	0	0	0	0	0	0	0
yewai_40_PK_1	恶人谷屠夫		1222	50		40	4953	8007	0	-1	0	0		-1	0	0	0	0	0	0	0
yewai_40_PK_1	恶人谷屠夫		1222	50		40	4431	8863	0	-1	0	0		-1	0	0	0	0	0	0	0
yewai_40_PK_1	恶人谷屠夫		1222	50		40	7266	10073	0	-1	0	0		-1	0	0	0	0	0	0	0
yewai_40_PK_1	恶人谷屠夫		1222	50		40	7361	8921	0	-1	0	0		-1	0	0	0	0	0	0	0
yewai_40_PK_1	恶人谷屠夫		1222	50		40	6942	9458	0	-1	0	0		-1	0	0	0	0	0	0	0
yewai_40_PK_1	恶人谷屠夫		1222	50		40	7221	9614	0	-1	0	0		-1	0	0	0	0	0	0	0
yewai_40_PK_1	恶人谷屠夫		1222	50		40	7864	9268	0	-1	0	0		-1	0	0	0	0	0	0	0
yewai_40_PK_1	恶人谷屠夫		1222	50		40	7630	9184	0	-1	0	0		-1	0	0	0	0	0	0	0
yewai_40_PK_1	恶人谷屠夫		1222	50		40	7300	9272	0	-1	0	0		-1	0	0	0	0	0	0	0
yewai_40_PK_1	恶人谷屠夫		1222	50		40	7084	9151	0	-1	0	0		-1	0	0	0	0	0	0	0
yewai_40_PK_1	恶人谷屠夫		1222	50		40	6983	9844	0	-1	0	0		-1	0	0	0	0	0	0	0
yewai_40_PK_1	恶人谷屠夫		1222	50		40	7353	9853	0	-1	0	0		-1	0	0	0	0	0	0	0
yewai_40_PK_1	恶人谷屠夫		1222	50		40	7569	10243	0	-1	0	0		-1	0	0	0	0	0	0	0
yewai_40_PK_1	恶人谷屠夫		1222	50		40	7704	8868	0	-1	0	0		-1	0	0	0	0	0	0	0
yewai_40_PK_1	恶人谷屠夫		1222	50		40	8024	8983	0	-1	0	0		-1	0	0	0	0	0	0	0
yewai_40_PK_1	恶人谷屠夫		1222	50		40	7803	9962	0	-1	0	0		-1	0	0	0	0	0	0	0
yewai_40_PK_1	恶人谷屠夫		1222	50		40	7592	9859	0	-1	0	0		-1	0	0	0	0	0	0	0
yewai_40_PK_1	恶人谷屠夫		1222	50		40	7518	9540	0	-1	0	0		-1	0	0	0	0	0	0	0
yewai_40_PK_1	恶人谷屠夫		1222	50		40	9961	12153	0	-1	0	0		-1	0	0	0	0	0	0	0
yewai_40_PK_1	恶人谷屠夫		1222	50		40	10397	12425	0	-1	0	0		-1	0	0	0	0	0	0	0
yewai_40_PK_1	恶人谷屠夫		1222	50		40	10686	12353	0	-1	0	0		-1	0	0	0	0	0	0	0
yewai_40_PK_1	恶人谷屠夫		1222	50		40	10918	12167	0	-1	0	0		-1	0	0	0	0	0	0	0
yewai_40_PK_1	恶人谷屠夫		1222	50		40	10238	12192	0	-1	0	0		-1	0	0	0	0	0	0	0
yewai_40_PK_1	恶人谷屠夫		1222	50		40	10485	12158	0	-1	0	0		-1	0	0	0	0	0	0	0
yewai_40_PK_1	恶人谷屠夫		1222	50		40	10698	12097	0	-1	0	0		-1	0	0	0	0	0	0	0
yewai_40_PK_1	恶人谷屠夫		1222	50		40	10272	11945	0	-1	0	0		-1	0	0	0	0	0	0	0
yewai_40_PK_1	恶人谷屠夫		1222	50		40	10547	11895	0	-1	0	0		-1	0	0	0	0	0	0	0
yewai_40_PK_1	恶人谷屠夫		1222	50		40	10956	11867	0	-1	0	0		-1	0	0	0	0	0	0	0
yewai_40_PK_1	恶人谷屠夫		1222	50		40	10721	11738	0	-1	0	0		-1	0	0	0	0	0	0	0
yewai_40_PK_1	恶人谷屠夫		1222	50		40	10940	11502	0	-1	0	0		-1	0	0	0	0	0	0	0
yewai_40_PK_1	恶人谷屠夫		1222	50		40	10597	11496	0	-1	0	0		-1	0	0	0	0	0	0	0
yewai_40_PK_1	恶人谷屠夫		1222	50		40	10002	11867	0	-1	0	0		-1	0	0	0	0	0	0	0
yewai_40_PK_1	恶人谷屠夫		1222	50		40	9750	11738	0	-1	0	0		-1	0	0	0	0	0	0	0
yewai_40_PK_1	恶人谷屠夫		1222	50		40	9761	12164	0	-1	0	0		-1	0	0	0	0	0	0	0
yewai_40_PK_1	恶人谷屠夫		1222	50		40	10058	11638	0	-1	0	0		-1	0	0	0	0	0	0	0
yewai_40_PK_1	恶人谷屠夫		1222	50		40	10070	12363	0	-1	0	0		-1	0	0	0	0	0	0	0
yewai_40_PK_1	恶人谷屠夫		1222	50		40	10878	8466	0	-1	0	0		-1	0	0	0	0	0	0	0
yewai_40_PK_1	恶人谷屠夫		1222	50		40	11098	7411	0	-1	0	0		-1	0	0	0	0	0	0	0
yewai_40_PK_1	恶人谷屠夫		1222	50		40	11564	7754	0	-1	0	0		-1	0	0	0	0	0	0	0
yewai_40_PK_1	恶人谷屠夫		1222	50		40	11446	8241	0	-1	0	0		-1	0	0	0	0	0	0	0
yewai_40_PK_1	恶人谷屠夫		1222	50		40	11682	8118	0	-1	0	0		-1	0	0	0	0	0	0	0
yewai_40_PK_1	恶人谷屠夫		1222	50		40	11216	8359	0	-1	0	0		-1	0	0	0	0	0	0	0
yewai_40_PK_1	恶人谷屠夫		1222	50		40	11579	8425	0	-1	0	0		-1	0	0	0	0	0	0	0
yewai_40_PK_1	恶人谷屠夫		1222	50		40	10744	8686	0	-1	0	0		-1	0	0	0	0	0	0	0
yewai_40_PK_1	恶人谷屠夫		1222	50		40	10545	8307	0	-1	0	0		-1	0	0	0	0	0	0	0
yewai_40_PK_1	恶人谷屠夫		1222	50		40	10601	7928	0	-1	0	0		-1	0	0	0	0	0	0	0
yewai_40_PK_1	恶人谷屠夫		1222	50		40	10396	8594	0	-1	0	0		-1	0	0	0	0	0	0	0
yewai_40_PK_1	恶人谷屠夫		1222	50		40	10268	8261	0	-1	0	0		-1	0	0	0	0	0	0	0
yewai_40_PK_1	恶人谷屠夫		1222	50		40	10299	7918	0	-1	0	0		-1	0	0	0	0	0	0	0
yewai_40_PK_1	恶人谷屠夫		1222	50		40	10365	7636	0	-1	0	0		-1	0	0	0	0	0	0	0
yewai_40_PK_1	恶人谷屠夫		1222	50		40	10534	7457	0	-1	0	0		-1	0	0	0	0	0	0	0
yewai_40_PK_1	恶人谷屠夫		1222	50		40	11346	8659	0	-1	0	0		-1	0	0	0	0	0	0	0
yewai_40_PK_1	恶人谷屠夫		1222	50		40	11380	7520	0	-1	0	0		-1	0	0	0	0	0	0	0
yewai_40_PK_1	恶人谷屠夫		1222	50		40	11074	8693	0	-1	0	0		-1	0	0	0	0	0	0	0
yewai_40_PK_1	恶人谷屠夫		1222	50		40	4181	8046	0	-1	0	0		-1	0	0	0	0	0	0	0
yewai_40_PK_1	恶人谷屠夫		1222	50		40	3976	7890	0	-1	0	0		-1	0	0	0	0	0	0	0
yewai_40_PK_1	恶人谷屠夫		1222	50		40	4304	7827	0	-1	0	0		-1	0	0	0	0	0	0	0
yewai_40_PK_1	恶人谷屠夫		1222	50		40	4267	7548	0	-1	0	0		-1	0	0	0	0	0	0	0
yewai_40_PK_1	恶人谷屠夫		1222	50		40	3935	7588	0	-1	0	0		-1	0	0	0	0	0	0	0
yewai_40_PK_1	恶人谷屠夫		1222	50		40	4579	7585	0	-1	0	0		-1	0	0	0	0	0	0	0
yewai_40_PK_1	恶人谷屠夫		1222	50		40	10376	11747	0	-1	0	0		-1	0	0	0	0	0	0	0
yewai_40_PK_1	恶人谷屠夫		1222	50		40	10385	11535	0	-1	0	0		-1	0	0	0	0	0	0	0
yewai_40_PK_1	恶人谷屠夫		1222	50		40	10197	11432	0	-1	0	0		-1	0	0	0	0	0	0	0
yewai_40_PK_1	恶人谷屠夫		1222	50		40	9957	11385	0	-1	0	0		-1	0	0	0	0	0	0	0
yewai_40_PK_1	恶人谷屠夫		1222	50		40	10423	11286	0	-1	0	0		-1	0	0	0	0	0	0	0
yewai_40_PK_1	恶人谷屠夫		1222	50		40	10762	11314	0	-1	0	0		-1	0	0	0	0	0	0	0
yewai_40_PK_1	恶人谷屠夫		1222	50		40	11367	7896	0	-1	0	0		-1	0	0	0	0	0	0	0
yewai_40_PK_1	恶人谷屠夫		1222	50		40	11100	7905	0	-1	0	0		-1	0	0	0	0	0	0	0
yewai_40_PK_1	恶人谷屠夫		1222	50		40	11090	8159	0	-1	0	0		-1	0	0	0	0	0	0	0
yewai_40_PK_1	恶人谷屠夫		1222	50		40	10827	8205	0	-1	0	0		-1	0	0	0	0	0	0	0
yewai_40_PK_1	恶人谷屠夫		1222	50		40	4793	8745	0	-1	0	0		-1	0	0	0	0	0	0	0
yewai_40_PK_1	恶人谷屠夫		1222	50		40	2815	10631	0	-1	0	0		-1	0	0	0	0	0	0	0
yewai_40_PK_1	恶人谷屠夫		1222	50		40	4940	8423	0	-1	0	0		-1	0	0	0	0	0	0	0
yewai_40_PK_1	恶人谷屠夫		1222	50		40	7776	9582	0	-1	0	0		-1	0	0	0	0	0	0	0
yewai_40_PK_1	恶人谷屠夫		1222	50		40	7987	9802	0	-1	0	0		-1	0	0	0	0	0	0	0
yewai_40_PK_1	恶人谷屠夫		1222	50		40	8142	9638	0	-1	0	0		-1	0	0	0	0	0	0	0
yewai_40_PK_1	恶人谷屠夫		1222	50		40	8372	9657	0	-1	0	0		-1	0	0	0	0	0	0	0
yewai_40_PK_1	恶人谷屠夫		1222	50		40	8179	9994	0	-1	0	0		-1	0	0	0	0	0	0	0
yewai_40_PK_1	恶人谷屠夫		1222	50		40	7907	10196	0	-1	0	0		-1	0	0	0	0	0	0	0
yewai_40_PK_1	恶人谷屠夫		1222	50		40	8329	9220	0	-1	0	0		-1	0	0	0	0	0	0	0
yewai_40_PK_1	恶人谷屠夫		1222	50		40	8118	9389	0	-1	0	0		-1	0	0	0	0	0	0	0
yewai_40_PK_1	恶人谷屠夫		1222	50		40	10893	7721	0	-1	0	0		-1	0	0	0	0	0	0	0
yewai_40_PK_1	恶人谷屠夫		1222	50		40	10814	7348	0	-1	0	0		-1	0	0	0	0	0	0	0
yewai_40_PK_2	朝廷精锐		1223	50		40	1800	5599	0	-1	0	0		-1	0	0	0	0	0	0	0
yewai_40_PK_2	朝廷精锐		1223	50		40	1681	6177	0	-1	0	0		-1	0	0	0	0	0	0	0
yewai_40_PK_2	朝廷精锐		1223	50		40	1656	5862	0	-1	0	0		-1	0	0	0	0	0	0	0
yewai_40_PK_2	朝廷精锐		1223	50		40	2051	6102	0	-1	0	0		-1	0	0	0	0	0	0	0
yewai_40_PK_2	朝廷精锐		1223	50		40	2351	6179	0	-1	0	0		-1	0	0	0	0	0	0	0
yewai_40_PK_2	朝廷精锐		1223	50		40	2507	5940	0	-1	0	0		-1	0	0	0	0	0	0	0
yewai_40_PK_2	朝廷精锐		1223	50		40	1986	6329	0	-1	0	0		-1	0	0	0	0	0	0	0
yewai_40_PK_2	朝廷精锐		1223	50		40	2255	6539	0	-1	0	0		-1	0	0	0	0	0	0	0
yewai_40_PK_2	朝廷精锐		1223	50		40	1234	2706	0	-1	0	0		-1	0	0	0	0	0	0	0
yewai_40_PK_2	朝廷精锐		1223	50		40	1801	3191	0	-1	0	0		-1	0	0	0	0	0	0	0
yewai_40_PK_2	朝廷精锐		1223	50		40	1283	3014	0	-1	0	0		-1	0	0	0	0	0	0	0
yewai_40_PK_2	朝廷精锐		1223	50		40	1133	2444	0	-1	0	0		-1	0	0	0	0	0	0	0
yewai_40_PK_2	朝廷精锐		1223	50		40	4729	4434	0	-1	0	0		-1	0	0	0	0	0	0	0
yewai_40_PK_2	朝廷精锐		1223	50		40	5431	4685	0	-1	0	0		-1	0	0	0	0	0	0	0
yewai_40_PK_2	朝廷精锐		1223	50		40	5059	4430	0	-1	0	0		-1	0	0	0	0	0	0	0
yewai_40_PK_2	朝廷精锐		1223	50		40	5394	4383	0	-1	0	0		-1	0	0	0	0	0	0	0
yewai_40_PK_2	朝廷精锐		1223	50		40	5161	4178	0	-1	0	0		-1	0	0	0	0	0	0	0
yewai_40_PK_2	朝廷精锐		1223	50		40	4492	4174	0	-1	0	0		-1	0	0	0	0	0	0	0
yewai_40_PK_2	朝廷精锐		1223	50		40	4450	4536	0	-1	0	0		-1	0	0	0	0	0	0	0
yewai_40_PK_2	朝廷精锐		1223	50		40	4678	4797	0	-1	0	0		-1	0	0	0	0	0	0	0
yewai_40_PK_2	朝廷精锐		1223	50		40	4529	4941	0	-1	0	0		-1	0	0	0	0	0	0	0
yewai_40_PK_2	朝廷精锐		1223	50		40	5217	4690	0	-1	0	0		-1	0	0	0	0	0	0	0
yewai_40_PK_2	朝廷精锐		1223	50		40	5329	4950	0	-1	0	0		-1	0	0	0	0	0	0	0
yewai_40_PK_2	朝廷精锐		1223	50		40	5248	3900	0	-1	0	0		-1	0	0	0	0	0	0	0
yewai_40_PK_2	朝廷精锐		1223	50		40	5486	3943	0	-1	0	0		-1	0	0	0	0	0	0	0
yewai_40_PK_2	朝廷精锐		1223	50		40	4903	4629	0	-1	0	0		-1	0	0	0	0	0	0	0
yewai_40_PK_2	朝廷精锐		1223	50		40	5002	4896	0	-1	0	0		-1	0	0	0	0	0	0	0
yewai_40_PK_2	朝廷精锐		1223	50		40	5280	5190	0	-1	0	0		-1	0	0	0	0	0	0	0
yewai_40_PK_2	朝廷精锐		1223	50		40	5537	5074	0	-1	0	0		-1	0	0	0	0	0	0	0
yewai_40_PK_2	朝廷精锐		1223	50		40	4600	2616	0	-1	0	0		-1	0	0	0	0	0	0	0
yewai_40_PK_2	朝廷精锐		1223	50		40	5113	2663	0	-1	0	0		-1	0	0	0	0	0	0	0
yewai_40_PK_2	朝廷精锐		1223	50		40	5403	2663	0	-1	0	0		-1	0	0	0	0	0	0	0
yewai_40_PK_2	朝廷精锐		1223	50		40	4710	2300	0	-1	0	0		-1	0	0	0	0	0	0	0
yewai_40_PK_2	朝廷精锐		1223	50		40	4861	2687	0	-1	0	0		-1	0	0	0	0	0	0	0
yewai_40_PK_2	朝廷精锐		1223	50		40	4503	1700	0	-1	0	0		-1	0	0	0	0	0	0	0
yewai_40_PK_2	朝廷精锐		1223	50		40	4686	1990	0	-1	0	0		-1	0	0	0	0	0	0	0
yewai_40_PK_2	朝廷精锐		1223	50		40	10563	4605	0	-1	0	0		-1	0	0	0	0	0	0	0
yewai_40_PK_2	朝廷精锐		1223	50		40	10870	4899	0	-1	0	0		-1	0	0	0	0	0	0	0
yewai_40_PK_2	朝廷精锐		1223	50		40	10807	5214	0	-1	0	0		-1	0	0	0	0	0	0	0
yewai_40_PK_2	朝廷精锐		1223	50		40	10238	5355	0	-1	0	0		-1	0	0	0	0	0	0	0
yewai_40_PK_2	朝廷精锐		1223	50		40	10330	4804	0	-1	0	0		-1	0	0	0	0	0	0	0
yewai_40_PK_2	朝廷精锐		1223	50		40	10244	5067	0	-1	0	0		-1	0	0	0	0	0	0	0
yewai_40_PK_2	朝廷精锐		1223	50		40	10778	2812	0	-1	0	0		-1	0	0	0	0	0	0	0
yewai_40_PK_2	朝廷精锐		1223	50		40	11730	2580	0	-1	0	0		-1	0	0	0	0	0	0	0
yewai_40_PK_2	朝廷精锐		1223	50		40	11555	2965	0	-1	0	0		-1	0	0	0	0	0	0	0
yewai_40_PK_2	朝廷精锐		1223	50		40	11024	3004	0	-1	0	0		-1	0	0	0	0	0	0	0
yewai_40_PK_2	朝廷精锐		1223	50		40	11196	2799	0	-1	0	0		-1	0	0	0	0	0	0	0
yewai_40_PK_2	朝廷精锐		1223	50		40	11472	2672	0	-1	0	0		-1	0	0	0	0	0	0	0
yewai_40_PK_2	朝廷精锐		1223	50		40	11495	2389	0	-1	0	0		-1	0	0	0	0	0	0	0
yewai_40_PK_2	朝廷精锐		1223	50		40	10969	2594	0	-1	0	0		-1	0	0	0	0	0	0	0
yewai_40_PK_2	朝廷精锐		1223	50		40	10897	2284	0	-1	0	0		-1	0	0	0	0	0	0	0
yewai_40_PK_2	朝廷精锐		1223	50		40	11190	2484	0	-1	0	0		-1	0	0	0	0	0	0	0
yewai_40_PK_2	朝廷精锐		1223	50		40	11749	2295	0	-1	0	0		-1	0	0	0	0	0	0	0
yewai_40_PK_2	朝廷精锐		1223	50		40	8595	1434	0	-1	0	0		-1	0	0	0	0	0	0	0
yewai_40_PK_2	朝廷精锐		1223	50		40	7684	1708	0	-1	0	0		-1	0	0	0	0	0	0	0
yewai_40_PK_2	朝廷精锐		1223	50		40	8205	1451	0	-1	0	0		-1	0	0	0	0	0	0	0
yewai_40_PK_2	朝廷精锐		1223	50		40	8808	1658	0	-1	0	0		-1	0	0	0	0	0	0	0
yewai_40_PK_2	朝廷精锐		1223	50		40	8584	1669	0	-1	0	0		-1	0	0	0	0	0	0	0
yewai_40_PK_2	朝廷精锐		1223	50		40	8363	1707	0	-1	0	0		-1	0	0	0	0	0	0	0
yewai_40_PK_2	朝廷精锐		1223	50		40	7868	1531	0	-1	0	0		-1	0	0	0	0	0	0	0
yewai_40_PK_2	朝廷精锐		1223	50		40	7939	1816	0	-1	0	0		-1	0	0	0	0	0	0	0
yewai_40_PK_2	朝廷精锐		1223	50		40	8116	1696	0	-1	0	0		-1	0	0	0	0	0	0	0
yewai_40_PK_2	朝廷精锐		1223	50		40	7785	2046	0	-1	0	0		-1	0	0	0	0	0	0	0
yewai_40_PK_2	朝廷精锐		1223	50		40	7928	2301	0	-1	0	0		-1	0	0	0	0	0	0	0
yewai_40_PK_2	朝廷精锐		1223	50		40	8101	2031	0	-1	0	0		-1	0	0	0	0	0	0	0
yewai_40_PK_2	朝廷精锐		1223	50		40	8259	2230	0	-1	0	0		-1	0	0	0	0	0	0	0
yewai_40_PK_2	朝廷精锐		1223	50		40	8338	1944	0	-1	0	0		-1	0	0	0	0	0	0	0
yewai_40_PK_2	朝廷精锐		1223	50		40	8530	2181	0	-1	0	0		-1	0	0	0	0	0	0	0
yewai_40_PK_2	朝廷精锐		1223	50		40	8635	1952	0	-1	0	0		-1	0	0	0	0	0	0	0
yewai_40_PK_2	朝廷精锐		1223	50		40	8620	2414	0	-1	0	0		-1	0	0	0	0	0	0	0
yewai_40_PK_2	朝廷精锐		1223	50		40	8319	2437	0	-1	0	0		-1	0	0	0	0	0	0	0
yewai_40_PK_2	朝廷精锐		1223	50		40	8451	2576	0	-1	0	0		-1	0	0	0	0	0	0	0
yewai_40_PK_2	朝廷精锐		1223	50		40	8109	2538	0	-1	0	0		-1	0	0	0	0	0	0	0
yewai_40_PK_2	朝廷精锐		1223	50		40	7838	2508	0	-1	0	0		-1	0	0	0	0	0	0	0
yewai_40_PK_2	朝廷精锐		1223	50		40	7650	2301	0	-1	0	0		-1	0	0	0	0	0	0	0
yewai_40_PK_2	朝廷精锐		1223	50		40	7560	2031	0	-1	0	0		-1	0	0	0	0	0	0	0
yewai_40_PK_2	朝廷精锐		1223	50		40	11082	1791	0	-1	0	0		-1	0	0	0	0	0	0	0
yewai_40_PK_2	朝廷精锐		1223	50		40	11242	2272	0	-1	0	0		-1	0	0	0	0	0	0	0
yewai_40_PK_2	朝廷精锐		1223	50		40	11096	2075	0	-1	0	0		-1	0	0	0	0	0	0	0
yewai_40_PK_2	朝廷精锐		1223	50		40	11318	2058	0	-1	0	0		-1	0	0	0	0	0	0	0
yewai_40_PK_2	朝廷精锐		1223	50		40	11578	2082	0	-1	0	0		-1	0	0	0	0	0	0	0
yewai_40_PK_2	朝廷精锐		1223	50		40	11446	1780	0	-1	0	0		-1	0	0	0	0	0	0	0
yewai_40_PK_2	朝廷精锐		1223	50		40	11730	1940	0	-1	0	0		-1	0	0	0	0	0	0	0
yewai_40_PK_2	朝廷精锐		1223	50		40	11758	2865	0	-1	0	0		-1	0	0	0	0	0	0	0
yewai_40_PK_2	朝廷精锐		1223	50		40	11290	3031	0	-1	0	0		-1	0	0	0	0	0	0	0
yewai_40_PK_2	朝廷精锐		1223	50		40	10694	2501	0	-1	0	0		-1	0	0	0	0	0	0	0
yewai_40_PK_2	朝廷精锐		1223	50		40	10698	2186	0	-1	0	0		-1	0	0	0	0	0	0	0
yewai_40_PK_2	朝廷精锐		1223	50		40	10843	1954	0	-1	0	0		-1	0	0	0	0	0	0	0
yewai_40_PK_2	朝廷精锐		1223	50		40	11042	5225	0	-1	0	0		-1	0	0	0	0	0	0	0
yewai_40_PK_2	朝廷精锐		1223	50		40	11494	5600	0	-1	0	0		-1	0	0	0	0	0	0	0
yewai_40_PK_2	朝廷精锐		1223	50		40	11245	5470	0	-1	0	0		-1	0	0	0	0	0	0	0
yewai_40_PK_2	朝廷精锐		1223	50		40	11308	5180	0	-1	0	0		-1	0	0	0	0	0	0	0
yewai_40_PK_2	朝廷精锐		1223	50		40	10797	5551	0	-1	0	0		-1	0	0	0	0	0	0	0
yewai_40_PK_2	朝廷精锐		1223	50		40	10643	4837	0	-1	0	0		-1	0	0	0	0	0	0	0
yewai_40_PK_2	朝廷精锐		1223	50		40	10521	5106	0	-1	0	0		-1	0	0	0	0	0	0	0
yewai_40_PK_2	朝廷精锐		1223	50		40	10563	5379	0	-1	0	0		-1	0	0	0	0	0	0	0
yewai_40_PK_2	朝廷精锐		1223	50		40	10349	5575	0	-1	0	0		-1	0	0	0	0	0	0	0
yewai_40_PK_2	朝廷精锐		1223	50		40	1920	5917	0	-1	0	0		-1	0	0	0	0	0	0	0
yewai_40_PK_2	朝廷精锐		1223	50		40	2060	5606	0	-1	0	0		-1	0	0	0	0	0	0	0
yewai_40_PK_2	朝廷精锐		1223	50		40	2216	5321	0	-1	0	0		-1	0	0	0	0	0	0	0
yewai_40_PK_2	朝廷精锐		1223	50		40	2695	5632	0	-1	0	0		-1	0	0	0	0	0	0	0
yewai_40_PK_2	朝廷精锐		1223	50		40	2216	5872	0	-1	0	0		-1	0	0	0	0	0	0	0
yewai_40_PK_2	朝廷精锐		1223	50		40	7289	4785	0	-1	0	0		-1	0	0	0	0	0	0	0
yewai_40_PK_2	朝廷精锐		1223	50		40	7778	3914	0	-1	0	0		-1	0	0	0	0	0	0	0
yewai_40_PK_2	朝廷精锐		1223	50		40	8133	3891	0	-1	0	0		-1	0	0	0	0	0	0	0
yewai_40_PK_2	朝廷精锐		1223	50		40	8175	4250	0	-1	0	0		-1	0	0	0	0	0	0	0
yewai_40_PK_2	朝廷精锐		1223	50		40	7986	4138	0	-1	0	0		-1	0	0	0	0	0	0	0
yewai_40_PK_2	朝廷精锐		1223	50		40	7709	4169	0	-1	0	0		-1	0	0	0	0	0	0	0
yewai_40_PK_2	朝廷精锐		1223	50		40	7473	4331	0	-1	0	0		-1	0	0	0	0	0	0	0
yewai_40_PK_2	朝廷精锐		1223	50		40	7720	4558	0	-1	0	0		-1	0	0	0	0	0	0	0
yewai_40_PK_2	朝廷精锐		1223	50		40	7770	4813	0	-1	0	0		-1	0	0	0	0	0	0	0
yewai_40_PK_2	朝廷精锐		1223	50		40	7786	5079	0	-1	0	0		-1	0	0	0	0	0	0	0
yewai_40_PK_2	朝廷精锐		1223	50		40	7535	4971	0	-1	0	0		-1	0	0	0	0	0	0	0
yewai_40_PK_2	朝廷精锐		1223	50		40	8106	5110	0	-1	0	0		-1	0	0	0	0	0	0	0
yewai_40_PK_2	朝廷精锐		1223	50		40	7974	4487	0	-1	0	0		-1	0	0	0	0	0	0	0
yewai_40_PK_2	朝廷精锐		1223	50		40	8219	4656	0	-1	0	0		-1	0	0	0	0	0	0	0
yewai_40_PK_2	朝廷精锐		1223	50		40	8054	4829	0	-1	0	0		-1	0	0	0	0	0	0	0
yewai_40_PK_2	朝廷精锐		1223	50		40	7441	4026	0	-1	0	0		-1	0	0	0	0	0	0	0
yewai_40_PK_2	朝廷精锐		1223	50		40	7271	4250	0	-1	0	0		-1	0	0	0	0	0	0	0
yewai_40_PK_2	朝廷精锐		1223	50		40	7208	4542	0	-1	0	0		-1	0	0	0	0	0	0	0
yewai_40_PK_2	朝廷精锐		1223	50		40	7470	4622	0	-1	0	0		-1	0	0	0	0	0	0	0
yewai_40_PK_2	朝廷精锐		1223	50		40	1361	2369	0	-1	0	0		-1	0	0	0	0	0	0	0
yewai_40_PK_2	朝廷精锐		1223	50		40	1460	2633	0	-1	0	0		-1	0	0	0	0	0	0	0
yewai_40_PK_2	朝廷精锐		1223	50		40	1565	2948	0	-1	0	0		-1	0	0	0	0	0	0	0
yewai_40_PK_2	朝廷精锐		1223	50		40	1770	2752	0	-1	0	0		-1	0	0	0	0	0	0	0
yewai_40_PK_2	朝廷精锐		1223	50		40	1622	2281	0	-1	0	0		-1	0	0	0	0	0	0	0
yewai_40_PK_2	朝廷精锐		1223	50		40	1761	2485	0	-1	0	0		-1	0	0	0	0	0	0	0
yewai_40_PK_2	朝廷精锐		1223	50		40	1983	2576	0	-1	0	0		-1	0	0	0	0	0	0	0
yewai_40_PK_2	朝廷精锐		1223	50		40	2065	2766	0	-1	0	0		-1	0	0	0	0	0	0	0
yewai_40_PK_2	朝廷精锐		1223	50		40	1858	2971	0	-1	0	0		-1	0	0	0	0	0	0	0
yewai_40_PK_2	朝廷精锐		1223	50		40	2011	3059	0	-1	0	0		-1	0	0	0	0	0	0	0
yewai_40_PK_2	朝廷精锐		1223	50		40	1758	3394	0	-1	0	0		-1	0	0	0	0	0	0	0
yewai_40_PK_2	朝廷精锐		1223	50		40	1560	3121	0	-1	0	0		-1	0	0	0	0	0	0	0
yewai_40_PK_2	朝廷精锐		1223	50		40	1358	3320	0	-1	0	0		-1	0	0	0	0	0	0	0
yewai_40_PK_2	朝廷精锐		1223	50		40	1128	3144	0	-1	0	0		-1	0	0	0	0	0	0	0
yewai_40_PK_2	朝廷精锐		1223	50		40	1063	2806	0	-1	0	0		-1	0	0	0	0	0	0	0
yewai_40_PK_2	朝廷精锐		1223	50		40	2045	3332	0	-1	0	0		-1	0	0	0	0	0	0	0
yewai_40_PK_2	朝廷精锐		1223	50		40	2319	2805	0	-1	0	0		-1	0	0	0	0	0	0	0
yewai_40_PK_2	朝廷精锐		1223	50		40	1951	2304	0	-1	0	0		-1	0	0	0	0	0	0	0
yewai_40_PK_2	朝廷精锐		1223	50		40	2198	2516	0	-1	0	0		-1	0	0	0	0	0	0	0
yewai_40_PK_2	朝廷精锐		1223	50		40	4829	2510	0	-1	0	0		-1	0	0	0	0	0	0	0
yewai_40_PK_2	朝廷精锐		1223	50		40	5123	2500	0	-1	0	0		-1	0	0	0	0	0	0	0
yewai_40_PK_2	朝廷精锐		1223	50		40	5355	2411	0	-1	0	0		-1	0	0	0	0	0	0	0
yewai_40_PK_2	朝廷精锐		1223	50		40	5337	2195	0	-1	0	0		-1	0	0	0	0	0	0	0
yewai_40_PK_2	朝廷精锐		1223	50		40	5121	1981	0	-1	0	0		-1	0	0	0	0	0	0	0
yewai_40_PK_2	朝廷精锐		1223	50		40	5386	1929	0	-1	0	0		-1	0	0	0	0	0	0	0
yewai_40_PK_2	朝廷精锐		1223	50		40	5027	1711	0	-1	0	0		-1	0	0	0	0	0	0	0
yewai_40_PK_2	朝廷精锐		1223	50		40	4920	1948	0	-1	0	0		-1	0	0	0	0	0	0	0
yewai_40_PK_2	朝廷精锐		1223	50		40	4746	1687	0	-1	0	0		-1	0	0	0	0	0	0	0
yewai_40_PK_2	朝廷精锐		1223	50		40	5347	1716	0	-1	0	0		-1	0	0	0	0	0	0	0
yewai_40_PK_2	朝廷精锐		1223	50		40	5548	1797	0	-1	0	0		-1	0	0	0	0	0	0	0
yewai_40_PK_2	朝廷精锐		1223	50		40	5561	2091	0	-1	0	0		-1	0	0	0	0	0	0	0
yewai_40_PK_2	朝廷精锐		1223	50		40	4912	2203	0	-1	0	0		-1	0	0	0	0	0	0	0
yewai_40_PK_2	朝廷精锐		1223	50		40	5095	2276	0	-1	0	0		-1	0	0	0	0	0	0	0
yewai_40_PK_2	朝廷精锐		1223	50		40	4477	2096	0	-1	0	0		-1	0	0	0	0	0	0	0
yewai_40_PK_2	朝廷精锐		1223	50		40	4535	2398	0	-1	0	0		-1	0	0	0	0	0	0	0
yewai_40_PK_2	朝廷精锐		1223	50		40	4848	4241	0	-1	0	0		-1	0	0	0	0	0	0	0
yewai_40_PK_2	朝廷精锐		1223	50		40	4983	3945	0	-1	0	0		-1	0	0	0	0	0	0	0
yewai_40_PK_2	朝廷精锐		1223	50		40	4690	3996	0	-1	0	0		-1	0	0	0	0	0	0	0
yewai_40_PK_2	朝廷精锐		1223	50		40	5018	5145	0	-1	0	0		-1	0	0	0	0	0	0	0
yewai_40_PK_2	朝廷精锐		1223	50		40	4738	5156	0	-1	0	0		-1	0	0	0	0	0	0	0
yewai_40_PK_2	朝廷精锐		1223	50		40	2335	5631	0	-1	0	0		-1	0	0	0	0	0	0	0
yewai_40_PK_2	朝廷精锐		1223	50		40	2496	5405	0	-1	0	0		-1	0	0	0	0	0	0	0
yewai_40_PK_2	朝廷精锐		1223	50		40	1895	5323	0	-1	0	0		-1	0	0	0	0	0	0	0
yewai_40_PK_2	朝廷精锐		1223	50		40	1963	6568	0	-1	0	0		-1	0	0	0	0	0	0	0
yewai_40_PK_2	朝廷精锐		1223	50		40	1684	6464	0	-1	0	0		-1	0	0	0	0	0	0	0
yewai_40_PK_2	朝廷精锐		1223	50		40	1441	6332	0	-1	0	0		-1	0	0	0	0	0	0	0
yewai_40_PK_2	朝廷精锐		1223	50		40	2500	6407	0	-1	0	0		-1	0	0	0	0	0	0	0
yewai_40_PK_2	朝廷精锐		1223	50		40	1438	5717	0	-1	0	0		-1	0	0	0	0	0	0	0
yewai_40_PK_2	朝廷精锐		1223	50		40	1362	6078	0	-1	0	0		-1	0	0	0	0	0	0	0
yewai_40_PK_2	朝廷精锐		1223	50		40	1591	5438	0	-1	0	0		-1	0	0	0	0	0	0	0
yewai_40_PK_2	朝廷精锐		1223	50		40	8302	5003	0	-1	0	0		-1	0	0	0	0	0	0	0
yewai_40_PK_2	朝廷精锐		1223	50		40	8466	4873	0	-1	0	0		-1	0	0	0	0	0	0	0
yewai_40_PK_2	朝廷精锐		1223	50		40	8357	4541	0	-1	0	0		-1	0	0	0	0	0	0	0
yewai_40_PK_2	朝廷精锐		1223	50		40	11027	5528	0	-1	0	0		-1	0	0	0	0	0	0	0
yewai_40_PK_2	朝廷精锐		1223	50		40	10903	5776	0	-1	0	0		-1	0	0	0	0	0	0	0
yewai_40_PK_2	朝廷精锐		1223	50		40	11212	5755	0	-1	0	0		-1	0	0	0	0	0	0	0
yewai_40_PK_2	朝廷精锐		1223	50		40	10576	5702	0	-1	0	0		-1	0	0	0	0	0	0	0
yewai_40_PK_2	朝廷精锐		1223	50		40	11059	4985	0	-1	0	0		-1	0	0	0	0	0	0	0
yewai_40_PK_2	朝廷精锐		1223	50		40	11165	4733	0	-1	0	0		-1	0	0	0	0	0	0	0
yewai_40_PK_2	朝廷精锐		1223	50		40	10903	4634	0	-1	0	0		-1	0	0	0	0	0	0	0
yewai_40_PK_2	朝廷精锐		1223	50		40	2629	1279	0	-1	0	0		-1	0	0	0	0	0	0	0
yewai_40_PK_2	朝廷精锐		1223	50		40	2473	912	0	-1	0	0		-1	0	0	0	0	0	0	0
yewai_40_PK_2	朝廷精锐		1223	50		40	2406	1193	0	-1	0	0		-1	0	0	0	0	0	0	0
yewai_40_PK_2	朝廷精锐		1223	50		40	2548	1692	0	-1	0	0		-1	0	0	0	0	0	0	0
yewai_40_PK_2	朝廷精锐		1223	50		40	2624	1489	0	-1	0	0		-1	0	0	0	0	0	0	0
yewai_40_PK_2	朝廷精锐		1223	50		40	3317	1782	0	-1	0	0		-1	0	0	0	0	0	0	0
yewai_40_PK_2	朝廷精锐		1223	50		40	3036	1788	0	-1	0	0		-1	0	0	0	0	0	0	0
yewai_40_PK_2	朝廷精锐		1223	50		40	2769	1794	0	-1	0	0		-1	0	0	0	0	0	0	0
yewai_40_PK_2	朝廷精锐		1223	50		40	3096	1605	0	-1	0	0		-1	0	0	0	0	0	0	0
yewai_40_PK_2	朝廷精锐		1223	50		40	3343	1544	0	-1	0	0		-1	0	0	0	0	0	0	0
yewai_40_PK_2	朝廷精锐		1223	50		40	3297	1303	0	-1	0	0		-1	0	0	0	0	0	0	0
yewai_40_PK_2	朝廷精锐		1223	50		40	2870	1213	0	-1	0	0		-1	0	0	0	0	0	0	0
yewai_40_PK_2	朝廷精锐		1223	50		40	2849	786	0	-1	0	0		-1	0	0	0	0	0	0	0
yewai_40_PK_2	朝廷精锐		1223	50		40	2703	1027	0	-1	0	0		-1	0	0	0	0	0	0	0
yewai_40_PK_2	朝廷精锐		1223	50		40	3051	1013	0	-1	0	0		-1	0	0	0	0	0	0	0
yewai_40_PK_2	朝廷精锐		1223	50		40	3299	1055	0	-1	0	0		-1	0	0	0	0	0	0	0
yewai_40_PK_2	朝廷精锐		1223	50		40	3097	1250	0	-1	0	0		-1	0	0	0	0	0	0	0
yewai_40_PK_2	朝廷精锐		1223	50		40	2998	1410	0	-1	0	0		-1	0	0	0	0	0	0	0
yewai_40_PK_2	朝廷精锐		1223	50		40	2863	1559	0	-1	0	0		-1	0	0	0	0	0	0	0
yewai_40_PK_2	朝廷精锐		1223	50		40	3132	765	0	-1	0	0		-1	0	0	0	0	0	0	0
yewai_40_PK_2	朝廷精锐		1223	50		40	3416	843	0	-1	0	0		-1	0	0	0	0	0	0	0
yewai_40_PK_2	朝廷精锐		1223	50		40	3552	1102	0	-1	0	0		-1	0	0	0	0	0	0	0
yewai_40_PK_2	朝廷精锐		1223	50		40	2423	1466	0	-1	0	0		-1	0	0	0	0	0	0	0
yewai_40_PK_2	朝廷精锐		1223	50		40	2702	6109	0	-1	0	0		-1	0	0	0	0	0	0	0
yewai_40_PK_2	朝廷精锐		1223	50		40	3572	1501	0	-1	0	0		-1	0	0	0	0	0	0	0
yewai_40_PK_2	朝廷精锐		1223	50		40	8422	4170	0	-1	0	0		-1	0	0	0	0	0	0	0
yewai_40_PK_2	朝廷精锐		1223	50		40	8850	2155	0	-1	0	0		-1	0	0	0	0	0	0	0
yewai_40_PK_2	朝廷精锐		1223	50		40	11926	2453	0	-1	0	0		-1	0	0	0	0	0	0	0
yewai_40_PK_2	朝廷精锐		1223	50		40	11548	5208	0	-1	0	0		-1	0	0	0	0	0	0	0
yewai_40_PK_2	朝廷精锐		1223	50		40	2238	3090	0	-1	0	0		-1	0	0	0	0	0	0	0
yewai_40_PK_2	朝廷精锐		1223	50		40	5563	2434	0	-1	0	0		-1	0	0	0	0	0	0	0
yewai_40_PK_2	朝廷精锐		1223	50		40	5629	4722	0	-1	0	0		-1	0	0	0	0	0	0	0
yewai_40_PK_2	朝廷精锐		1223	50		40	5551	4242	0	-1	0	0		-1	0	0	0	0	0	0	0
yewai_40_PK_2	朝廷精锐		1223	50		40	8505	4668	0	-1	0	0		-1	0	0	0	0	0	0	0
yewai_40_PK_2	朝廷精锐		1223	50		40	11444	4898	0	-1	0	0		-1	0	0	0	0	0	0	0
bainianzhuguo	百年朱果		159	50	1	99	9080	6796	0	-1	0	0		0	0	0	0	0	0	0	0
bainianzhuguo	百年朱果		159	50	1	99	8651	6385	0	-1	0	0		0	0	0	0	0	0	0	0
dilinggen	地灵根		152	50	1	99	5357	11762	0	-1	0	0		0	0	0	0	0	0	0	0
dilinggen	地灵根		152	50	1	99	5594	11938	0	-1	0	0		0	0	0	0	0	0	0	0
dilinggen	地灵根		152	50	1	99	5830	12056	0	-1	0	0		0	0	0	0	0	0	0	0
dilinggen	地灵根		152	50	1	99	6181	12205	0	-1	0	0		0	0	0	0	0	0	0	0
dilinggen	地灵根		152	50	1	99	6519	12227	0	-1	0	0		0	0	0	0	0	0	0	0
dilinggen	地灵根		152	50	1	99	6936	12192	0	-1	0	0		0	0	0	0	0	0	0	0
dilinggen	地灵根		152	50	1	99	5094	11605	0	-1	0	0		0	0	0	0	0	0	0	0
dilinggen	地灵根		152	50	1	99	4830	11460	0	-1	0	0		0	0	0	0	0	0	0	0
dilinggen	地灵根		152	50	1	99	4567	11337	0	-1	0	0		0	0	0	0	0	0	0	0
xuefengteng	血风藤		154	50	1	99	11344	982	0	-1	0	0		0	0	0	0	0	0	0	0
xuefengteng	血风藤		154	50	1	99	12123	1647	0	-1	0	0		0	0	0	0	0	0	0	0
xuefengteng	血风藤		154	50	1	99	11988	1403	0	-1	0	0		0	0	0	0	0	0	0	0
xuefengteng	血风藤		154	50	1	99	11718	1231	0	-1	0	0		0	0	0	0	0	0	0	0
xuefengteng	血风藤		154	50	1	99	11142	1335	0	-1	0	0		0	0	0	0	0	0	0	0
xuefengteng	血风藤		154	50	1	99	10763	1429	0	-1	0	0		0	0	0	0	0	0	0	0
xuefengteng	血风藤		154	50	1	99	10415	1486	0	-1	0	0		0	0	0	0	0	0	0	0
xuefengteng	血风藤		154	50	1	99	10099	1252	0	-1	0	0		0	0	0	0	0	0	0	0
xuefengteng	血风藤		154	50	1	99	11573	1418	0	-1	0	0		0	0	0	0	0	0	0	0
malingshu1	马铃薯		3205	50	1	99	1477	9203	0	-1	0	0		0	0	0	0	0	0	0	0
malingshu2	马铃薯		3205	50	1	99	1341	8908	0	-1	0	0		0	0	0	0	0	0	0	0
malingshu3	马铃薯		3205	50	1	99	1461	9475	0	-1	0	0		0	0	0	0	0	0	0	0
malingshu4	马铃薯		3205	50	1	99	1281	9092	0	-1	0	0		0	0	0	0	0	0	0	0
