TeamID	Name	HeroName	Faction	Level	ExtAttribId	HonorLevel	PartnerId1	PartnerId2	PartnerId3	PartnerId4	PartnerLevel	Strength	Vitality	Dexterity	Energy	SkillLevel	SkillID1	SkillID2	SkillID3	SkillID4	SkillID5
1	武神殿守护者	官书琴	1	10	1	0	96				5	0	0	0	0	1					
2	武神殿守护者	龚志诚	2	10	1	0		96			5	0	0	0	0	1					
3	武神殿守护者	左丘翰林	3	10	1	0			96		5	0	0	0	0	1					
4	武神殿守护者	仲孙宏远	4	10	1	0				96	5	0	0	0	0	1					
5	武神殿守护者	章忆达	5	10	1	0	96				5	0	0	0	0	1					
6	武神殿守护者	独孤俊誉	6	10	1	0		96			5	0	0	0	0	1					
7	武神殿守护者	严锐精	7	10	1	0			96		5	0	0	0	0	1					
8	武神殿守护者	栾觅云	8	10	1	0				96	5	0	0	0	0	1					
9	武神殿守护者	司马亦旋	9	10	1	0	96				5	0	0	0	0	1					
10	武神殿守护者	段忆雪	10	10	1	0		96			5	0	0	0	0	1					
11	武神殿守护者	穆墨容	11	10	1	0			96		5	0	0	0	0	1					
12	武神殿守护者	沈星火	12	10	1	0				96	5	0	0	0	0	1					
13	武神殿守护者	令狐思枫	13	10	1	0	96				5	0	0	0	0	1					
14	武神殿守护者	慕寒松	14	10	1	0		96			5	0	0	0	0	1					
15	武神殿守护者	贺和光	15	10	1	0			96		5	0	0	0	0	1					
16	武神殿守护者	穆鸿熙	16	11	1	0				96	6	0	0	0	0	1					
17	武神殿守护者	苏弘文	17	11	1	0	96				6	0	0	0	0	1					
18	武神殿守护者	雍嘉赐	18	11	1	0		96			6	0	0	0	0	1					
19	武神殿守护者	伍兴业	1	11	1	0			96		6	0	0	0	0	1					
20	武神殿守护者	邢宜人	2	11	1	0				96	6	0	0	0	0	1					
21	武神殿守护者	姜嘉树	3	11	1	0	96				6	0	0	0	0	1					
22	武神殿守护者	东门思宣	4	11	1	0		96			6	0	0	0	0	1					
23	武神殿守护者	秦雁戮	5	11	1	0			96		6	0	0	0	0	1					
24	武神殿守护者	车映真	6	11	1	0				96	6	0	0	0	0	1					
25	武神殿守护者	罗才良	7	11	1	0	96				6	0	0	0	0	1					
26	武神殿守护者	熊墨云	8	11	1	0		96			6	0	0	0	0	1					
27	武神殿守护者	阎雪容	9	11	1	0			96		6	0	0	0	0	1					
28	武神殿守护者	项奇胜	10	11	1	0				96	6	0	0	0	0	1					
29	武神殿守护者	司鸿秋扇	11	11	1	0	96				6	0	0	0	0	1					
30	武神殿守护者	严以筠	12	11	1	0		96			6	0	0	0	0	1					
31	武神殿守护者	蔡诗丹	13	12	1	0	96	78			7	0	0	0	0	1					
32	武神殿守护者	龙博瀚	14	12	1	0		96	78		7	0	0	0	0	1					
33	武神殿守护者	衣访琴	15	12	1	1			96	78	7	0	0	0	0	1					
34	武神殿守护者	萧和颂	16	12	1	1	78	96			7	0	0	0	0	1					
35	武神殿守护者	郭和昱	17	12	1	1		78	96		7	0	0	0	0	1					
36	武神殿守护者	简晓博	18	12	2	1			78	96	7	0	0	0	0	1					
37	武神殿守护者	宋阳羽	1	12	2	1	96	78			7	0	0	0	0	1					
38	武神殿守护者	马灵扇	2	12	2	1		96	78		7	0	0	0	0	1					
39	武神殿守护者	岳敏叡	3	12	2	1			96	78	7	0	0	0	0	1					
40	武神殿守护者	徐灵松	4	12	2	1	78	96			7	0	0	0	0	1					
41	武神殿守护者	寇醉柳	5	12	2	1		78	96		7	0	0	0	0	1					
42	武神殿守护者	司马明轩	6	12	2	1			78	96	7	0	0	0	0	1					
43	武神殿守护者	叶翰藻	7	12	2	1	96	78			7	0	0	0	0	1					
44	武神殿守护者	邢俊哲	8	12	2	1		96	78		7	0	0	0	0	1					
45	武神殿守护者	闾丘坚白	9	12	2	1			96	78	7	0	0	0	0	1					
46	武神殿守护者	卜祺瑞	10	13	2	1	78	96			8	0	0	0	0	1					
47	武神殿守护者	林雅健	11	13	2	1		78	96		8	0	0	0	0	1					
48	武神殿守护者	帅文石	12	13	2	1			78	96	8	0	0	0	0	1					
49	武神殿守护者	邬笑槐	13	13	2	1	96	78			8	0	0	0	0	1					
50	武神殿守护者	禹伟祺	14	13	2	1		96	78		8	0	0	0	0	1					
51	武神殿守护者	贾兴腾	15	13	2	1			96	78	8	0	0	0	0	1					
52	武神殿守护者	柯烨烁	16	13	2	1	78	96			8	0	0	0	0	1					
53	武神殿守护者	鲍雅达	17	13	2	1		78	96		8	0	0	0	0	1					
54	武神殿守护者	梅觅双	18	13	2	1			78	96	8	0	0	0	0	1					
55	武神殿守护者	瞿睿识	1	13	2	1	96	76			8	0	0	0	0	1					
56	武神殿守护者	鲁承基	2	13	2	1	96	77	102		8	0	0	0	0	1					
57	武神殿守护者	金白安	3	13	2	1	96	78	103		8	0	0	0	0	1					
58	武神殿守护者	项怀寒	4	13	2	1	96	79	104		8	0	0	0	0	1					
59	武神殿守护者	木志学	5	13	2	1	96	80	105		8	0	0	0	0	1					
60	武神殿守护者	慕听风	6	13	2	1	96	81	106		8	0	0	0	0	1					
61	武神殿守护者	东门斌蔚	7	14	2	1	96	82	107		9	0	0	0	0	1					
62	武神殿守护者	彭雁菡	8	14	2	1	96	83	108		9	0	0	0	0	1					
63	武神殿守护者	胡星汉	9	14	2	1	96	84	109		9	0	0	0	0	1					
64	武神殿守护者	池盼易	10	14	2	1	96	85	102		9	0	0	0	0	1					
65	武神殿守护者	桑白竹	11	14	2	1	96	86	103		9	0	0	0	0	1					
66	武神殿守护者	全语儿	12	14	2	1	96	87	104		9	0	0	0	0	1					
67	武神殿守护者	党宏博	13	14	2	1	96	88	105		9	0	0	0	0	1					
68	武神殿守护者	韦元瑶	14	14	2	1	96	89	106		9	0	0	0	0	1					
69	武神殿守护者	华幻枫	15	14	2	1	96	90	107		9	0	0	0	0	1					
70	武神殿守护者	成傲易	16	14	2	1	96	91	108		9	0	0	0	0	1					
71	武神殿守护者	石英睿	17	14	2	1	96	92	109		9	0	0	0	0	1					
72	武神殿守护者	司鸿绍钧	18	14	2	1	96	93	102		9	0	0	0	0	1					
73	武神殿守护者	周思淼	1	14	2	1	96	94	103		9	0	0	0	0	1					
74	武神殿守护者	宇文忆南	2	14	2	1	96	95	104		9	0	0	0	0	1					
75	武神殿守护者	司凝连	3	14	2	1	96	76	105		9	0	0	0	0	1					
76	武神殿守护者	孟以腾	4	15	2	1	96	77	106		10	0	0	0	0	1					
77	武神殿守护者	雍易槐	5	15	2	1	96	78	107		10	0	0	0	0	1					
78	武神殿守护者	戚坚诚	6	15	2	1	96	79	108		10	0	0	0	0	1					
79	武神殿守护者	牟慕雁	7	15	2	1	96	80	109		10	0	0	0	0	1					
80	武神殿守护者	耿勇男	8	15	2	1	96	81	102		10	0	0	0	0	1					
81	武神殿守护者	游修筠	9	15	2	2	96	82	103		10	0	0	0	0	1					
82	武神殿守护者	尉迟惜扇	10	15	2	2	96	83	104		10	0	0	0	0	1					
83	武神殿守护者	马心远	11	15	2	2	96	84	105		10	0	0	0	0	1					
84	武神殿守护者	阎天骄	12	15	2	2	96	85	106		10	0	0	0	0	1					
85	武神殿守护者	帅书柳	13	15	2	2	96	86	107		10	0	0	0	0	1					
86	武神殿守护者	麦彭彭	14	16	2	2	96	87	108		11	0	0	0	0	1					
87	武神殿守护者	连成和	15	16	2	2	96	88	109		11	0	0	0	0	1					
88	武神殿守护者	司空宏深	16	16	2	2	96	89	102		11	0	0	0	0	1					
89	武神殿守护者	易寄瑶	17	16	2	2	96	90	103		11	0	0	0	0	1					
90	武神殿守护者	苗白卉	18	16	2	2	96	91	104		11	0	0	0	0	1					
91	武神殿守护者	时俊杰	1	16	2	2	96	92	105		11	0	0	0	0	1					
92	武神殿守护者	邝飞书	2	16	2	2	96	93	106		11	0	0	0	0	1					
93	武神殿守护者	寇华翰	3	16	2	2	96	94	107		11	0	0	0	0	1					
94	武神殿守护者	淳于冷霜	4	16	2	2	96	95	108		11	0	0	0	0	1					
95	武神殿守护者	任寄灵	5	16	2	2	96	76	109		11	0	0	0	0	1					
96	武神殿守护者	何自怡	6	17	2	2	96	77	102		12	0	0	0	0	1					
97	武神殿守护者	家凡之	7	17	2	2	96	78	103		12	0	0	0	0	1					
98	武神殿守护者	隋亦游	8	17	2	2	96	79	104		12	0	0	0	0	1					
99	武神殿守护者	管初瑶	9	17	2	2	96	80	105		12	0	0	0	0	1					
100	武神殿守护者	萧浩博	10	17	2	2	96	81	106		12	0	0	0	0	1					
101	武神殿守护者	查以柳	11	17	2	2	96	82	107		12	0	0	0	0	1					
102	武神殿守护者	西门灵安	12	17	2	2	96	83	108		12	0	0	0	0	1					
103	武神殿守护者	卜海冬	13	17	2	2	96	84	109		12	0	0	0	0	1					
104	武神殿守护者	尉迟良翰	14	17	2	2	96	85	102		12	0	0	0	0	1					
105	武神殿守护者	荣夏真	15	17	2	2	96	86	103		12	0	0	0	0	1					
106	武神殿守护者	单于乐凡	16	18	2	2	96	87	104	59	13	0	0	0	0	1					
107	武神殿守护者	郎半安	17	18	2	2	96	88	105	59	13	0	0	0	0	1					
108	武神殿守护者	潘泽语	18	18	2	2	96	89	106	59	13	0	0	0	0	1					
109	武神殿守护者	单于元思	1	18	2	2	96	90	107	59	13	0	0	0	0	1					
110	武神殿守护者	明啸赋	2	18	2	2	96	91	108	59	13	0	0	0	0	1					
111	武神殿守护者	敖子默	3	18	2	2	96	92	109	59	13	0	0	0	0	1					
112	武神殿守护者	尹孤凌	4	18	2	2	96	93	102	59	13	0	0	0	0	1					
113	武神殿守护者	谷啸滔	5	18	2	2	96	94	103	59	13	0	0	0	0	1					
114	武神殿守护者	于墨宣	6	18	2	2	96	95	104	59	13	0	0	0	0	1					
115	武神殿守护者	胡代灵	7	18	2	2	96	76	105	59	13	0	0	0	0	1					
116	武神殿守护者	苗青寒	8	19	2	2	96	77	106	59	14	0	0	0	0	1					
117	武神殿守护者	凌修为	9	19	2	2	96	78	107	59	14	0	0	0	0	1					
118	武神殿守护者	淳于忆枫	10	19	2	2	96	79	108	59	14	0	0	0	0	1					
119	武神殿守护者	迟访烟	11	19	2	2	96	80	109	59	14	0	0	0	0	1					
120	武神殿守护者	房兴腾	12	19	2	2	96	81	102	59	14	0	0	0	0	1					
121	武神殿守护者	邢惜寒	13	19	2	2	96	82	103	59	14	0	0	0	0	1					
122	武神殿守护者	郑夜昱	14	19	2	2	96	83	104	59	14	0	0	0	0	1					
123	武神殿守护者	米和洽	15	19	2	2	96	84	105	59	14	0	0	0	0	1					
124	武神殿守护者	商思御	16	19	2	2	96	85	106	59	14	0	0	0	0	1					
125	武神殿守护者	陶安波	17	19	2	2	96	86	107	59	14	0	0	0	0	1					
126	武神殿守护者	桂达安	18	20	2	2	96	87	108	59	15	0	0	0	0	1					
127	武神殿守护者	俞修文	1	20	2	2	96	88	109	59	15	0	0	0	0	1					
128	武神殿守护者	廖弘深	2	20	2	2	96	89	102	59	15	0	0	0	0	1					
129	武神殿守护者	黎景曜	3	20	2	2	96	90	103	59	15	0	0	0	0	1					
130	武神殿守护者	喻天罡	4	20	2	2	96	91	104	59	15	0	0	0	0	1					
131	武神殿守护者	师思烟	5	21	2	2	96	92	105	59	16	0	0	0	0	1					
132	武神殿守护者	苑烨赫	6	21	2	2	96	93	106	59	16	0	0	0	0	1					
133	武神殿守护者	马风德	7	21	2	2	96	94	107	59	16	0	0	0	0	1					
134	武神殿守护者	荀宇荫	8	21	2	2	96	95	108	59	16	0	0	0	0	1					
135	武神殿守护者	于成礼	9	21	2	2	96	76	109	59	16	0	0	0	0	1					
136	武神殿守护者	狄奇邃	10	22	2	3	96	77	102	59	17	0	0	0	0	1					
137	武神殿守护者	郑代灵	11	22	2	3	96	78	103	59	17	0	0	0	0	1					
138	武神殿守护者	凌阳朔	12	22	2	3	96	79	104	59	17	0	0	0	0	1					
139	武神殿守护者	刘君昊	13	22	2	3	96	80	105	59	17	0	0	0	0	1					
140	武神殿守护者	樊白凡	14	22	2	3	96	81	106	59	17	0	0	0	0	1					
141	武神殿守护者	孙明煦	15	23	2	3	96	82	107	59	18	0	0	0	0	1					
142	武神殿守护者	庞从凝	16	23	2	3	96	83	108	59	18	0	0	0	0	1					
143	武神殿守护者	孔正谊	17	23	2	3	96	84	109	59	18	0	0	0	0	1					
144	武神殿守护者	瞿永康	18	23	2	3	96	85	102	59	18	0	0	0	0	1					
145	武神殿守护者	翁奇略	1	23	2	3	96	86	103	59	18	0	0	0	0	1					
146	武神殿守护者	元怜腾	2	24	2	3	96	87	104	59	19	0	0	0	0	1					
147	武神殿守护者	骆朋兴	3	24	2	3	96	88	105	59	19	0	0	0	0	1					
148	武神殿守护者	徐翰藻	4	24	2	3	96	89	106	59	19	0	0	0	0	1					
149	武神殿守护者	公冶夏秋	5	24	3	3	96	90	107	59	19	0	0	0	0	1					
150	武神殿守护者	孔又连	6	24	3	3	96	91	108	59	19	0	0	0	0	1					
151	武神殿守护者	缪墨瑶	7	25	3	4	96	92	109	59	20	0	0	0	0	1					
152	武神殿守护者	牟易文	8	25	3	4	96	93	102	59	20	0	0	0	0	1					
153	武神殿守护者	郭瀚玥	9	25	3	4	96	94	103	59	20	0	0	0	0	1					
154	武神殿守护者	咎安然	10	25	3	4	96	95	104	59	20	0	0	0	0	1					
155	武神殿守护者	银雨文	11	25	3	4	96	76	105	59	20	0	0	0	0	1					
156	武神殿守护者	闵丹啸	12	26	3	4	96	77	106	59	21	0	0	0	0	1					
157	武神殿守护者	黎英彦	13	26	3	4	96	78	107	59	21	0	0	0	0	1					
158	武神殿守护者	邢念滔	14	26	3	4	96	79	108	59	21	0	0	0	0	1					
159	武神殿守护者	宫星剑	15	26	3	4	96	80	109	59	21	0	0	0	0	1					
160	武神殿守护者	淳于文昌	16	26	3	4	96	81	102	59	21	0	0	0	0	1					
161	武神殿守护者	诸和安	17	27	3	4	96	82	103	59	22	0	0	0	0	1					
162	武神殿守护者	景平端	18	27	3	4	96	83	104	59	22	0	0	0	0	1					
163	武神殿守护者	凌嘉致	1	27	3	4	96	84	105	59	22	0	0	0	0	1					
164	武神殿守护者	翟尔柳	2	27	3	4	96	85	106	59	22	0	0	0	0	1					
165	武神殿守护者	荀半双	3	27	4	4	96	86	107	59	22	0	0	0	0	1					
166	武神殿守护者	李雨正	4	28	4	4	96	87	108	59	23	0	0	0	0	1					
167	武神殿守护者	滕巍昂	5	28	4	4	96	88	109	59	23	0	0	0	0	1					
168	武神殿守护者	闻志明	6	28	4	4	96	89	102	59	23	0	0	0	0	1					
169	武神殿守护者	侯笑南	7	28	4	4	96	90	103	59	23	0	0	0	0	1					
170	武神殿守护者	东郭安翔	8	28	4	4	96	91	104	59	23	0	0	0	0	1					
171	武神殿守护者	史怀连	9	29	4	4	96	92	105	59	24	0	0	0	0	1					
172	武神殿守护者	廉博超	10	29	4	4	96	93	106	59	24	0	0	0	0	1					
173	武神殿守护者	卞风弼	11	29	4	4	96	94	107	59	24	0	0	0	0	1					
174	武神殿守护者	秦代凡	12	29	4	4	96	95	108	59	24	0	0	0	0	1					
175	武神殿守护者	廉灵扇	13	29	4	4	96	76	109	59	24	0	0	0	0	1					
176	武神殿守护者	唐冷正	14	30	4	4	96	77	102	59	25	0	0	0	0	1					
177	武神殿守护者	花浩大	15	30	4	4	96	78	103	59	25	0	0	0	0	1					
178	武神殿守护者	薛沛芹	16	30	4	4	96	79	104	59	25	0	0	0	0	1					
179	武神殿守护者	单访风	17	30	4	4	96	80	105	59	25	0	0	0	0	1					
180	武神殿守护者	费华奥	18	30	4	4	96	81	106	59	25	0	0	0	0	1					
181	武神殿守护者	韩向槐	1	31	4	4	96	82	107	59	26	0	0	0	0	1					
182	武神殿守护者	於明智	2	31	4	4	96	83	108	59	26	0	0	0	0	1					
183	武神殿守护者	费光誉	3	31	4	4	96	84	109	59	26	0	0	0	0	1					
184	武神殿守护者	殷秋啸	4	31	4	4	96	85	102	59	26	0	0	0	0	1					
185	武神殿守护者	慕容易容	5	31	4	4	96	86	103	59	26	0	0	0	0	1					
186	武神殿守护者	邬英资	6	32	4	4	96	87	104	59	27	0	0	0	0	1					
187	武神殿守护者	严端啸	7	32	4	4	96	88	105	59	27	0	0	0	0	1					
188	武神殿守护者	黄天工	8	32	5	4	96	89	106	59	27	0	0	0	0	1					
189	武神殿守护者	简墨竹	9	32	5	4	96	90	107	59	27	0	0	0	0	1					
190	武神殿守护者	裴达寒	10	32	5	4	96	91	108	59	27	0	0	0	0	1					
191	武神殿守护者	司马元青	11	33	5	4	96	92	109	59	28	0	0	0	0	1					
192	武神殿守护者	林水荷	12	33	5	4	96	93	102	59	28	0	0	0	0	1					
193	武神殿守护者	江元基	13	33	5	4	96	94	103	59	28	0	0	0	0	1					
194	武神殿守护者	戴冷雪	14	33	5	4	96	95	104	59	28	0	0	0	0	1					
195	武神殿守护者	于雪秋	15	33	5	4	96	76	105	59	28	0	0	0	0	1					
196	武神殿守护者	岳明喆	16	34	5	4	96	77	106	59	29	0	0	0	0	1					
197	武神殿守护者	邢水儿	17	34	5	4	96	78	107	59	29	0	0	0	0	1					
198	武神殿守护者	赵山赋	18	34	5	4	96	79	108	59	29	0	0	0	0	1					
199	武神殿守护者	喻乐游	1	34	5	4	96	80	109	59	29	0	0	0	0	1					
200	武神殿守护者	吕子濯	2	34	5	4	96	81	102	59	29	0	0	0	0	1					
201	武神殿守护者	官书琴	3	35	5	5	96	87	104	59	30	0	0	0	0	1					
202	武神殿守护者	龚志诚	4	35	5	5	96	88	105	59	30	0	0	0	0	1					
203	武神殿守护者	左丘翰林	5	35	5	5	96	89	106	59	30	0	0	0	0	1					
204	武神殿守护者	仲孙宏远	6	35	5	5	96	90	107	59	30	0	0	0	0	1					
205	武神殿守护者	章忆达	7	35	5	5	96	91	108	59	30	0	0	0	0	1					
206	武神殿守护者	独孤俊誉	8	36	5	5	96	92	109	59	31	0	0	0	0	1					
207	武神殿守护者	严锐精	9	36	5	5	96	93	102	59	31	0	0	0	0	1					
208	武神殿守护者	栾觅云	10	36	5	5	96	94	103	59	31	0	0	0	0	1					
209	武神殿守护者	司马亦旋	11	36	5	5	96	95	104	59	31	0	0	0	0	1					
210	武神殿守护者	段忆雪	12	36	5	5	96	76	105	59	31	0	0	0	0	1					
211	武神殿守护者	穆墨容	13	37	5	5	96	77	106	59	32	0	0	0	0	1					
212	武神殿守护者	沈星火	14	37	5	5	96	78	107	59	32	0	0	0	0	1					
213	武神殿守护者	令狐思枫	15	37	5	5	96	79	108	59	32	0	0	0	0	1					
214	武神殿守护者	慕寒松	16	37	5	5	96	80	109	59	32	0	0	0	0	1					
215	武神殿守护者	贺和光	17	37	5	5	96	81	102	59	32	0	0	0	0	1					
216	武神殿守护者	穆鸿熙	18	38	5	5	96	82	103	59	33	0	0	0	0	1					
217	武神殿守护者	苏弘文	1	38	5	5	96	83	104	59	33	0	0	0	0	1					
218	武神殿守护者	雍嘉赐	2	38	5	5	96	84	105	59	33	0	0	0	0	1					
219	武神殿守护者	伍兴业	3	38	5	5	96	85	106	59	33	0	0	0	0	1					
220	武神殿守护者	邢宜人	4	38	5	5	96	86	107	59	33	0	0	0	0	1					
221	武神殿守护者	姜嘉树	5	39	5	5	96	87	108	59	34	0	0	0	0	1					
222	武神殿守护者	东门思宣	6	39	5	5	96	88	109	59	34	0	0	0	0	1					
223	武神殿守护者	秦雁戮	7	39	5	5	96	89	102	59	34	0	0	0	0	1					
224	武神殿守护者	车映真	8	39	5	5	96	90	103	59	34	0	0	0	0	1					
225	武神殿守护者	罗才良	9	39	5	5	96	91	104	59	34	0	0	0	0	1					
226	武神殿守护者	熊墨云	10	40	6	5	96	92	105	59	35	0	0	0	0	1					
227	武神殿守护者	阎雪容	11	40	6	5	96	93	106	59	35	0	0	0	0	1					
228	武神殿守护者	项奇胜	12	40	6	5	96	94	107	59	35	0	0	0	0	1					
229	武神殿守护者	司鸿秋扇	13	40	6	5	96	95	108	59	35	0	0	0	0	1					
230	武神殿守护者	严以筠	14	40	6	5	96	76	109	59	35	0	0	0	0	1					
231	武神殿守护者	蔡诗丹	15	41	6	5	96	77	102	59	36	0	0	0	0	1					
232	武神殿守护者	龙博瀚	16	41	6	5	96	78	103	59	36	0	0	0	0	1					
233	武神殿守护者	衣访琴	17	41	6	5	96	79	104	59	36	0	0	0	0	1					
234	武神殿守护者	萧和颂	18	41	6	5	96	80	105	59	36	0	0	0	0	1					
235	武神殿守护者	郭和昱	1	41	6	5	96	81	106	59	36	0	0	0	0	1					
236	武神殿守护者	简晓博	2	42	6	5	96	82	107	59	37	0	0	0	0	1					
237	武神殿守护者	宋阳羽	3	42	6	5	96	83	108	59	37	0	0	0	0	1					
238	武神殿守护者	马灵扇	4	42	6	5	96	84	109	59	37	0	0	0	0	1					
239	武神殿守护者	岳敏叡	5	42	6	5	96	85	102	59	37	0	0	0	0	1					
240	武神殿守护者	徐灵松	6	42	6	5	96	86	103	59	37	0	0	0	0	1					
241	武神殿守护者	寇醉柳	7	43	6	5	96	87	104	59	38	0	0	0	0	1					
242	武神殿守护者	司马明轩	8	43	6	5	96	88	105	59	38	0	0	0	0	1					
243	武神殿守护者	叶翰藻	9	43	6	5	96	89	106	59	38	0	0	0	0	1					
244	武神殿守护者	邢俊哲	10	43	6	5	96	90	107	59	38	0	0	0	0	1					
245	武神殿守护者	闾丘坚白	11	43	6	5	96	91	108	59	38	0	0	0	0	1					
246	武神殿守护者	卜祺瑞	12	44	6	5	96	92	109	59	39	0	0	0	0	1					
247	武神殿守护者	林雅健	13	44	6	5	96	93	102	59	39	0	0	0	0	1					
248	武神殿守护者	帅文石	14	44	6	5	96	94	103	59	39	0	0	0	0	1					
249	武神殿守护者	邬笑槐	15	44	6	5	96	95	104	59	39	0	0	0	0	1					
250	武神殿守护者	禹伟祺	16	44	6	5	96	76	105	59	39	0	0	0	0	1					
251	武神殿守护者	贾兴腾	17	45	6	6	96	77	106	59	40	0	0	0	0	1					
252	武神殿守护者	柯烨烁	18	45	6	6	96	78	107	59	40	0	0	0	0	1					
253	武神殿守护者	鲍雅达	1	45	6	6	96	79	108	59	40	0	0	0	0	1					
254	武神殿守护者	梅觅双	2	45	6	6	96	80	109	59	40	0	0	0	0	1					
255	武神殿守护者	瞿睿识	3	45	6	6	96	81	102	59	40	0	0	0	0	1					
256	武神殿守护者	鲁承基	4	46	6	6	96	82	103	59	41	0	0	0	0	1					
257	武神殿守护者	金白安	5	46	6	6	96	83	104	59	41	0	0	0	0	1					
258	武神殿守护者	项怀寒	6	46	6	6	96	84	105	59	41	0	0	0	0	1					
259	武神殿守护者	木志学	7	46	6	6	96	85	106	59	41	0	0	0	0	1					
260	武神殿守护者	慕听风	8	46	6	6	96	86	107	59	41	0	0	0	0	1					
261	武神殿守护者	东门斌蔚	9	47	6	6	96	87	108	59	42	0	0	0	0	1					
262	武神殿守护者	彭雁菡	10	47	6	6	96	88	109	59	42	0	0	0	0	1					
263	武神殿守护者	胡星汉	11	47	6	6	96	89	102	59	42	0	0	0	0	1					
264	武神殿守护者	池盼易	12	47	6	6	96	90	103	59	42	0	0	0	0	1					
265	武神殿守护者	桑白竹	13	47	6	6	96	91	104	59	42	0	0	0	0	1					
266	武神殿守护者	全语儿	14	48	6	6	96	92	105	59	43	0	0	0	0	1					
267	武神殿守护者	党宏博	15	48	6	6	96	93	106	59	43	0	0	0	0	1					
268	武神殿守护者	韦元瑶	16	48	6	6	96	94	107	59	43	0	0	0	0	1					
269	武神殿守护者	华幻枫	17	48	6	6	96	95	108	59	43	0	0	0	0	1					
270	武神殿守护者	成傲易	18	48	6	6	96	76	109	59	43	0	0	0	0	1					
271	武神殿守护者	石英睿	1	49	6	6	96	77	102	59	44	0	0	0	0	1					
272	武神殿守护者	司鸿绍钧	2	49	6	6	96	78	103	59	44	0	0	0	0	1					
273	武神殿守护者	周思淼	3	49	6	6	96	79	104	59	44	0	0	0	0	1					
274	武神殿守护者	宇文忆南	4	49	6	6	96	80	105	59	44	0	0	0	0	1					
275	武神殿守护者	司凝连	5	49	6	6	96	81	106	59	44	0	0	0	0	1					
276	武神殿守护者	孟以腾	6	50	7	6	96	82	107	59	45	0	0	0	0	1					
277	武神殿守护者	雍易槐	7	50	7	6	96	83	108	59	45	0	0	0	0	1					
278	武神殿守护者	戚坚诚	8	50	7	6	96	84	109	59	45	0	0	0	0	1					
279	武神殿守护者	牟慕雁	9	50	7	6	96	85	102	59	45	0	0	0	0	1					
280	武神殿守护者	耿勇男	10	50	7	6	96	86	103	59	45	0	0	0	0	1					
281	武神殿守护者	游修筠	11	51	7	6	96	87	104	59	46	0	0	0	0	1					
282	武神殿守护者	尉迟惜扇	12	51	7	6	96	88	105	59	46	0	0	0	0	1					
283	武神殿守护者	马心远	13	51	7	6	96	89	106	59	46	0	0	0	0	1					
284	武神殿守护者	阎天骄	14	51	7	6	96	90	107	59	46	0	0	0	0	1					
285	武神殿守护者	帅书柳	15	51	7	6	96	91	108	59	46	0	0	0	0	1					
286	武神殿守护者	麦彭彭	16	52	7	6	96	92	109	59	47	0	0	0	0	1					
287	武神殿守护者	连成和	17	52	7	6	96	93	102	59	47	0	0	0	0	1					
288	武神殿守护者	司空宏深	18	52	7	6	96	94	103	59	47	0	0	0	0	1					
289	武神殿守护者	易寄瑶	1	52	7	6	96	95	104	59	47	0	0	0	0	1					
290	武神殿守护者	苗白卉	2	52	7	6	96	76	105	59	47	0	0	0	0	1					
291	武神殿守护者	时俊杰	3	53	7	6	96	77	106	59	48	0	0	0	0	1					
292	武神殿守护者	邝飞书	4	53	7	6	96	78	107	59	48	0	0	0	0	1					
293	武神殿守护者	寇华翰	5	53	7	6	96	79	108	59	48	0	0	0	0	1					
294	武神殿守护者	淳于冷霜	6	53	7	6	96	80	109	59	48	0	0	0	0	1					
295	武神殿守护者	任寄灵	7	53	7	6	96	81	102	59	48	0	0	0	0	1					
296	武神殿守护者	何自怡	8	54	7	6	96	79	108	59	49	0	0	0	0	1					
297	武神殿守护者	家凡之	9	54	7	6	96	80	109	59	49	0	0	0	0	1					
298	武神殿守护者	隋亦游	10	54	7	6	96	81	102	59	49	0	0	0	0	1					
299	武神殿守护者	管初瑶	11	54	7	6	96	79	108	59	49	0	0	0	0	1					
300	武神殿守护者	萧浩博	12	54	7	6	96	80	109	59	49	0	0	0	0	1					
301	武神殿守护者	查以柳	13	55	7	7	96	81	102	59	50	0	0	0	0	1					
302	武神殿守护者	西门灵安	14	55	7	7	96	79	108	59	50	0	0	0	0	1					
303	武神殿守护者	卜海冬	15	55	7	7	96	80	109	59	50	0	0	0	0	1					
304	武神殿守护者	尉迟良翰	16	55	7	7	96	81	102	59	50	0	0	0	0	1					
305	武神殿守护者	荣夏真	17	55	7	7	96	81	102	59	50	0	0	0	0	1					
306	武神殿守护者	单于乐凡	18	56	7	7	96	87	104	59	51	0	0	0	0	1					
307	武神殿守护者	郎半安	1	56	7	7	96	88	105	59	51	0	0	0	0	1					
308	武神殿守护者	潘泽语	2	56	7	7	96	89	106	59	51	0	0	0	0	1					
309	武神殿守护者	单于元思	3	56	7	7	96	90	107	59	51	0	0	0	0	1					
310	武神殿守护者	明啸赋	4	56	7	7	96	91	108	59	51	0	0	0	0	1					
311	武神殿守护者	敖子默	5	57	7	7	96	92	109	59	52	0	0	0	0	1					
312	武神殿守护者	尹孤凌	6	57	7	7	96	93	102	59	52	0	0	0	0	1					
313	武神殿守护者	谷啸滔	7	57	7	7	96	94	103	59	52	0	0	0	0	1					
314	武神殿守护者	于墨宣	8	57	7	7	96	95	104	59	52	0	0	0	0	1					
315	武神殿守护者	胡代灵	9	57	7	7	96	76	105	59	52	0	0	0	0	1					
316	武神殿守护者	苗青寒	10	58	7	7	96	77	106	59	53	0	0	0	0	1					
317	武神殿守护者	凌修为	11	58	7	7	96	78	107	59	53	0	0	0	0	1					
318	武神殿守护者	淳于忆枫	12	58	7	7	96	79	108	59	53	0	0	0	0	1					
319	武神殿守护者	迟访烟	13	58	7	7	96	80	109	59	53	0	0	0	0	1					
320	武神殿守护者	房兴腾	14	58	7	7	96	81	102	59	53	0	0	0	0	1					
321	武神殿守护者	邢惜寒	15	59	7	7	96	82	103	59	54	0	0	0	0	1					
322	武神殿守护者	郑夜昱	16	59	7	7	96	83	104	59	54	0	0	0	0	1					
323	武神殿守护者	米和洽	17	59	7	7	96	84	105	59	54	0	0	0	0	1					
324	武神殿守护者	商思御	18	59	7	7	96	85	106	59	54	0	0	0	0	1					
325	武神殿守护者	陶安波	1	59	7	7	96	86	107	59	54	0	0	0	0	1					
326	武神殿守护者	桂达安	2	60	8	7	96	87	108	59	55	0	0	0	0	1					
327	武神殿守护者	俞修文	3	60	8	7	96	88	109	59	55	0	0	0	0	1					
328	武神殿守护者	廖弘深	4	60	8	7	96	89	102	59	55	0	0	0	0	1					
329	武神殿守护者	黎景曜	5	60	8	7	96	90	103	59	55	0	0	0	0	1					
330	武神殿守护者	喻天罡	6	60	8	7	96	91	104	59	55	0	0	0	0	1					
331	武神殿守护者	师思烟	7	61	8	7	96	92	105	59	56	0	0	0	0	1					
332	武神殿守护者	苑烨赫	8	61	8	7	96	93	106	59	56	0	0	0	0	1					
333	武神殿守护者	马风德	9	61	8	7	96	94	107	59	56	0	0	0	0	1					
334	武神殿守护者	荀宇荫	10	61	8	7	96	95	108	59	56	0	0	0	0	1					
335	武神殿守护者	于成礼	11	61	8	7	96	76	109	59	56	0	0	0	0	1					
336	武神殿守护者	狄奇邃	12	62	8	7	96	77	102	59	57	0	0	0	0	1					
337	武神殿守护者	郑代灵	13	62	8	7	96	78	103	59	57	0	0	0	0	1					
338	武神殿守护者	凌阳朔	14	62	8	7	96	79	104	59	57	0	0	0	0	1					
339	武神殿守护者	刘君昊	15	62	8	7	96	80	105	59	57	0	0	0	0	1					
340	武神殿守护者	樊白凡	16	62	8	7	96	81	106	59	57	0	0	0	0	1					
341	武神殿守护者	孙明煦	17	63	8	7	96	82	107	59	58	0	0	0	0	1					
342	武神殿守护者	庞从凝	18	63	8	7	96	83	108	59	58	0	0	0	0	1					
343	武神殿守护者	孔正谊	1	63	8	7	96	84	109	59	58	0	0	0	0	1					
344	武神殿守护者	瞿永康	2	63	8	7	96	85	102	59	58	0	0	0	0	1					
345	武神殿守护者	翁奇略	3	63	8	7	96	86	103	59	58	0	0	0	0	1					
346	武神殿守护者	元怜腾	4	64	8	7	96	87	104	59	59	0	0	0	0	1					
347	武神殿守护者	骆朋兴	5	64	8	7	96	88	105	59	59	0	0	0	0	1					
348	武神殿守护者	徐翰藻	6	64	8	7	96	89	106	59	59	0	0	0	0	1					
349	武神殿守护者	公冶夏秋	7	64	8	7	96	90	107	59	59	0	0	0	0	1					
350	武神殿守护者	孔又连	8	64	8	7	96	91	108	59	59	0	0	0	0	1					
351	武神殿守护者	缪墨瑶	9	65	8	8	96	92	109	59	60	0	0	0	0	1					
352	武神殿守护者	牟易文	10	65	8	8	96	93	102	59	60	0	0	0	0	1					
353	武神殿守护者	郭瀚玥	11	65	8	8	96	94	103	59	60	0	0	0	0	1					
354	武神殿守护者	咎安然	12	65	8	8	96	95	104	59	60	0	0	0	0	1					
355	武神殿守护者	银雨文	13	65	8	8	96	76	105	59	60	0	0	0	0	1					
356	武神殿守护者	闵丹啸	14	66	8	8	96	77	106	59	61	0	0	0	0	1					
357	武神殿守护者	黎英彦	15	66	8	8	96	78	107	59	61	0	0	0	0	1					
358	武神殿守护者	邢念滔	16	66	8	8	96	79	108	59	61	0	0	0	0	1					
359	武神殿守护者	宫星剑	17	66	8	8	96	80	109	59	61	0	0	0	0	1					
360	武神殿守护者	淳于文昌	18	66	8	8	96	81	102	59	61	0	0	0	0	1					
361	武神殿守护者	诸和安	1	67	8	8	96	82	103	59	62	0	0	0	0	1					
362	武神殿守护者	景平端	2	67	8	8	96	83	104	59	62	0	0	0	0	1					
363	武神殿守护者	凌嘉致	3	67	8	8	96	84	105	59	62	0	0	0	0	1					
364	武神殿守护者	翟尔柳	4	67	8	8	96	85	106	59	62	0	0	0	0	1					
365	武神殿守护者	荀半双	5	67	8	8	96	86	107	59	62	0	0	0	0	1					
366	武神殿守护者	李雨正	6	68	8	8	96	87	108	59	63	0	0	0	0	1					
367	武神殿守护者	滕巍昂	7	68	8	8	96	88	109	59	63	0	0	0	0	1					
368	武神殿守护者	闻志明	8	68	8	8	96	89	102	59	63	0	0	0	0	1					
369	武神殿守护者	侯笑南	9	68	8	8	96	90	103	59	63	0	0	0	0	1					
370	武神殿守护者	东郭安翔	10	68	8	8	96	91	104	59	63	0	0	0	0	1					
371	武神殿守护者	史怀连	11	69	8	8	96	92	105	59	64	0	0	0	0	1					
372	武神殿守护者	廉博超	12	69	8	8	96	93	106	59	64	0	0	0	0	1					
373	武神殿守护者	卞风弼	13	69	8	8	96	94	107	59	64	0	0	0	0	1					
374	武神殿守护者	秦代凡	14	69	8	8	96	95	108	59	64	0	0	0	0	1					
375	武神殿守护者	廉灵扇	15	69	8	8	96	76	109	59	64	0	0	0	0	1					
376	武神殿守护者	唐冷正	16	70	9	8	96	77	102	59	65	0	0	0	0	1					
377	武神殿守护者	花浩大	17	70	9	8	96	78	103	59	65	0	0	0	0	1					
378	武神殿守护者	薛沛芹	18	70	9	8	96	79	104	59	65	0	0	0	0	1					
379	武神殿守护者	单访风	1	70	9	8	96	80	105	59	65	0	0	0	0	1					
380	武神殿守护者	费华奥	2	70	9	8	96	81	106	59	65	0	0	0	0	1					
381	武神殿守护者	韩向槐	3	71	9	8	96	82	107	59	66	0	0	0	0	1					
382	武神殿守护者	於明智	4	71	9	8	96	83	108	59	66	0	0	0	0	1					
383	武神殿守护者	费光誉	5	71	9	8	96	84	109	59	66	0	0	0	0	1					
384	武神殿守护者	殷秋啸	6	71	9	8	96	85	102	59	66	0	0	0	0	1					
385	武神殿守护者	慕容易容	7	71	9	8	96	86	103	59	66	0	0	0	0	1					
386	武神殿守护者	邬英资	8	72	9	8	96	87	104	59	67	0	0	0	0	1					
387	武神殿守护者	严端啸	9	72	9	8	96	88	105	59	67	0	0	0	0	1					
388	武神殿守护者	黄天工	10	72	9	8	96	89	106	59	67	0	0	0	0	1					
389	武神殿守护者	简墨竹	11	72	9	8	96	90	107	59	67	0	0	0	0	1					
390	武神殿守护者	裴达寒	12	72	9	8	96	91	108	59	67	0	0	0	0	1					
391	武神殿守护者	司马元青	13	73	9	8	96	92	109	59	68	0	0	0	0	1					
392	武神殿守护者	林水荷	14	73	9	8	96	93	102	59	68	0	0	0	0	1					
393	武神殿守护者	江元基	15	73	9	8	96	94	103	59	68	0	0	0	0	1					
394	武神殿守护者	戴冷雪	16	73	9	8	96	95	104	59	68	0	0	0	0	1					
395	武神殿守护者	于雪秋	17	73	9	8	96	76	105	59	68	0	0	0	0	1					
396	武神殿守护者	岳明喆	18	74	9	8	96	77	106	59	69	0	0	0	0	1					
397	武神殿守护者	邢水儿	1	74	9	8	96	78	107	59	69	0	0	0	0	1					
398	武神殿守护者	赵山赋	2	74	9	8	96	79	108	59	69	0	0	0	0	1					
399	武神殿守护者	喻乐游	3	74	9	8	96	80	109	59	69	0	0	0	0	1					
400	武神殿守护者	吕子濯	4	74	9	8	96	81	102	59	69	0	0	0	0	1					
401	武神殿守护者	官书琴	5	75	9	9	96	81	102	59	70	0	0	0	0	1					
402	武神殿守护者	龚志诚	6	75	9	9	96	81	102	59	70	0	0	0	0	1					
403	武神殿守护者	左丘翰林	7	75	9	9	96	81	102	59	70	0	0	0	0	1					
404	武神殿守护者	仲孙宏远	8	75	9	9	96	81	102	59	70	0	0	0	0	1					
405	武神殿守护者	章忆达	9	75	9	9	96	81	102	59	70	0	0	0	0	1					
406	武神殿守护者	独孤俊誉	10	76	9	9	96	81	102	59	71	0	0	0	0	1					
407	武神殿守护者	严锐精	11	76	9	9	96	81	102	59	71	0	0	0	0	1					
408	武神殿守护者	栾觅云	12	76	9	9	96	81	102	59	71	0	0	0	0	1					
409	武神殿守护者	司马亦旋	13	76	9	9	96	81	102	59	71	0	0	0	0	1					
410	武神殿守护者	段忆雪	14	76	9	9	96	81	102	59	71	0	0	0	0	1					
411	武神殿守护者	穆墨容	15	77	9	9	96	81	102	59	72	0	0	0	0	1					
412	武神殿守护者	沈星火	16	77	9	9	96	81	102	59	72	0	0	0	0	1					
413	武神殿守护者	令狐思枫	17	77	9	9	96	81	102	59	72	0	0	0	0	1					
414	武神殿守护者	慕寒松	18	77	9	9	96	81	102	59	72	0	0	0	0	1					
415	武神殿守护者	贺和光	1	77	9	9	96	81	102	59	72	0	0	0	0	1					
416	武神殿守护者	穆鸿熙	2	78	9	9	96	81	102	59	73	0	0	0	0	1					
417	武神殿守护者	苏弘文	3	78	9	9	96	81	102	59	73	0	0	0	0	1					
418	武神殿守护者	雍嘉赐	4	78	9	9	96	81	102	59	73	0	0	0	0	1					
419	武神殿守护者	伍兴业	5	78	9	9	96	81	102	59	73	0	0	0	0	1					
420	武神殿守护者	邢宜人	6	78	9	9	96	81	102	59	73	0	0	0	0	1					
421	武神殿守护者	姜嘉树	7	79	9	9	96	81	102	59	74	0	0	0	0	1					
422	武神殿守护者	东门思宣	8	79	9	9	96	81	102	59	74	0	0	0	0	1					
423	武神殿守护者	秦雁戮	9	79	9	9	96	81	102	59	74	0	0	0	0	1					
424	武神殿守护者	车映真	10	79	9	9	96	81	102	59	74	0	0	0	0	1					
425	武神殿守护者	罗才良	11	79	9	9	96	81	102	59	74	0	0	0	0	1					
426	武神殿守护者	熊墨云	12	80	10	9	96	81	102	59	75	0	0	0	0	1					
427	武神殿守护者	阎雪容	13	80	10	9	96	81	102	59	75	0	0	0	0	1					
428	武神殿守护者	项奇胜	14	80	10	9	96	81	102	59	75	0	0	0	0	1					
429	武神殿守护者	司鸿秋扇	15	80	10	9	96	81	102	59	75	0	0	0	0	1					
430	武神殿守护者	严以筠	16	80	10	9	96	81	102	59	75	0	0	0	0	1					
431	武神殿守护者	蔡诗丹	17	81	10	9	96	81	102	59	76	0	0	0	0	1					
432	武神殿守护者	龙博瀚	18	81	10	9	96	81	102	59	76	0	0	0	0	1					
433	武神殿守护者	衣访琴	1	81	10	9	96	81	102	59	76	0	0	0	0	1					
434	武神殿守护者	萧和颂	2	81	10	9	96	81	102	59	76	0	0	0	0	1					
435	武神殿守护者	郭和昱	3	81	10	9	96	81	102	59	76	0	0	0	0	1					
436	武神殿守护者	简晓博	4	82	10	9	96	81	102	59	77	0	0	0	0	1					
437	武神殿守护者	宋阳羽	5	82	10	9	96	81	102	59	77	0	0	0	0	1					
438	武神殿守护者	马灵扇	6	82	10	9	96	81	102	59	77	0	0	0	0	1					
439	武神殿守护者	岳敏叡	7	82	10	9	96	81	102	59	77	0	0	0	0	1					
440	武神殿守护者	徐灵松	8	82	10	9	96	81	102	59	77	0	0	0	0	1					
441	武神殿守护者	寇醉柳	9	83	10	9	96	81	102	59	78	0	0	0	0	1					
442	武神殿守护者	司马明轩	10	83	10	9	96	81	102	59	78	0	0	0	0	1					
443	武神殿守护者	叶翰藻	11	83	10	9	96	81	102	59	78	0	0	0	0	1					
444	武神殿守护者	邢俊哲	12	83	10	9	96	81	102	59	78	0	0	0	0	1					
445	武神殿守护者	闾丘坚白	13	83	10	9	96	81	102	59	78	0	0	0	0	1					
446	武神殿守护者	卜祺瑞	14	84	10	9	96	81	102	59	79	0	0	0	0	1					
447	武神殿守护者	林雅健	15	84	10	9	96	81	102	59	79	0	0	0	0	1					
448	武神殿守护者	帅文石	16	84	10	9	96	81	102	59	79	0	0	0	0	1					
449	武神殿守护者	邬笑槐	17	84	10	9	96	81	102	59	79	0	0	0	0	1					
450	武神殿守护者	禹伟祺	18	84	10	9	96	81	102	59	79	0	0	0	0	1					
451	武神殿守护者	贾兴腾	1	85	10	10	96	81	102	59	80	0	0	0	0	1					
452	武神殿守护者	柯烨烁	2	85	10	10	96	81	102	59	80	0	0	0	0	1					
453	武神殿守护者	鲍雅达	3	85	10	10	96	81	102	59	80	0	0	0	0	1					
454	武神殿守护者	梅觅双	4	85	10	10	96	81	102	59	80	0	0	0	0	1					
455	武神殿守护者	瞿睿识	5	85	10	10	96	81	102	59	80	0	0	0	0	1					
456	武神殿守护者	鲁承基	6	86	10	10	96	81	102	59	81	0	0	0	0	1					
457	武神殿守护者	金白安	7	86	10	10	96	81	102	59	81	0	0	0	0	1					
458	武神殿守护者	项怀寒	8	86	10	10	96	81	102	59	81	0	0	0	0	1					
459	武神殿守护者	木志学	9	86	10	10	96	81	102	59	81	0	0	0	0	1					
460	武神殿守护者	慕听风	10	86	10	10	96	81	102	59	81	0	0	0	0	1					
461	武神殿守护者	东门斌蔚	11	87	10	10	96	81	102	59	82	0	0	0	0	1					
462	武神殿守护者	彭雁菡	12	87	10	10	96	81	102	59	82	0	0	0	0	1					
463	武神殿守护者	胡星汉	13	87	10	10	96	81	102	59	82	0	0	0	0	1					
464	武神殿守护者	池盼易	14	87	10	10	96	81	102	59	82	0	0	0	0	1					
465	武神殿守护者	桑白竹	15	87	10	10	96	81	102	59	82	0	0	0	0	1					
466	武神殿守护者	全语儿	16	88	10	10	96	81	102	59	83	0	0	0	0	1					
467	武神殿守护者	党宏博	17	88	10	10	96	81	102	59	83	0	0	0	0	1					
468	武神殿守护者	韦元瑶	18	88	10	10	96	81	102	59	83	0	0	0	0	1					
469	武神殿守护者	华幻枫	1	88	10	10	96	81	102	59	83	0	0	0	0	1					
470	武神殿守护者	成傲易	2	88	10	10	96	81	102	59	83	0	0	0	0	1					
471	武神殿守护者	石英睿	3	89	10	10	96	81	102	59	84	0	0	0	0	1					
472	武神殿守护者	司鸿绍钧	4	89	10	10	96	81	102	59	84	0	0	0	0	1					
473	武神殿守护者	周思淼	5	89	10	10	96	81	102	59	84	0	0	0	0	1					
474	武神殿守护者	宇文忆南	6	89	10	10	96	81	102	59	84	0	0	0	0	1					
475	武神殿守护者	司凝连	7	89	10	10	96	81	102	59	84	0	0	0	0	1					
476	武神殿守护者	孟以腾	8	90	11	10	96	81	102	59	85	0	0	0	0	1					
477	武神殿守护者	雍易槐	9	90	11	10	96	81	102	59	85	0	0	0	0	1					
478	武神殿守护者	戚坚诚	10	90	11	10	96	81	102	59	85	0	0	0	0	1					
479	武神殿守护者	牟慕雁	11	90	11	10	96	81	102	59	85	0	0	0	0	1					
480	武神殿守护者	耿勇男	12	90	11	10	96	81	102	59	85	0	0	0	0	1					
481	武神殿守护者	游修筠	13	91	11	10	96	81	102	59	86	0	0	0	0	1					
482	武神殿守护者	尉迟惜扇	14	91	11	10	96	81	102	59	86	0	0	0	0	1					
483	武神殿守护者	马心远	15	91	11	10	96	81	102	59	86	0	0	0	0	1					
484	武神殿守护者	阎天骄	16	91	11	10	96	81	102	59	86	0	0	0	0	1					
485	武神殿守护者	帅书柳	17	91	11	10	96	81	102	59	86	0	0	0	0	1					
486	武神殿守护者	麦彭彭	18	92	11	10	96	81	102	59	87	0	0	0	0	1					
487	武神殿守护者	连成和	1	92	11	10	96	81	102	59	87	0	0	0	0	1					
488	武神殿守护者	司空宏深	2	92	11	10	96	81	102	59	87	0	0	0	0	1					
489	武神殿守护者	易寄瑶	3	92	11	10	96	81	102	59	87	0	0	0	0	1					
490	武神殿守护者	苗白卉	4	92	11	10	96	81	102	59	87	0	0	0	0	1					
491	武神殿守护者	时俊杰	5	93	11	10	96	81	102	59	88	0	0	0	0	1					
492	武神殿守护者	邝飞书	6	93	11	10	96	81	102	59	88	0	0	0	0	1					
493	武神殿守护者	寇华翰	7	93	11	10	96	81	102	59	88	0	0	0	0	1					
494	武神殿守护者	淳于冷霜	8	93	11	10	96	81	102	59	88	0	0	0	0	1					
495	武神殿守护者	任寄灵	9	93	11	10	96	81	102	59	88	0	0	0	0	1					
496	武神殿守护者	何自怡	10	94	11	10	96	81	102	59	89	0	0	0	0	1					
497	武神殿守护者	家凡之	11	94	11	10	96	81	102	59	89	0	0	0	0	1					
498	武神殿守护者	隋亦游	12	94	11	10	96	81	102	59	89	0	0	0	0	1					
499	武神殿守护者	管初瑶	13	94	11	10	96	81	102	59	89	0	0	0	0	1					
500	武神殿守护者	萧浩博	14	94	11	10	96	81	102	59	89	0	0	0	0	1					
501	武神殿守护者	查以柳	15	95	11	11	96	81	102	59	90	0	0	0	0	1					
502	武神殿守护者	西门灵安	16	95	11	11	96	81	102	59	90	0	0	0	0	1					
503	武神殿守护者	卜海冬	17	95	11	11	96	81	102	59	90	0	0	0	0	1					
504	武神殿守护者	尉迟良翰	18	95	11	11	96	81	102	59	90	0	0	0	0	1					
505	武神殿守护者	荣夏真	1	95	11	11	96	81	102	59	90	0	0	0	0	1					
506	武神殿守护者	单于乐凡	2	96	11	11	96	81	102	59	91	0	0	0	0	1					
507	武神殿守护者	郎半安	3	96	11	11	96	81	102	59	91	0	0	0	0	1					
508	武神殿守护者	潘泽语	4	96	11	11	96	81	102	59	91	0	0	0	0	1					
509	武神殿守护者	单于元思	5	96	11	11	96	81	102	59	91	0	0	0	0	1					
510	武神殿守护者	明啸赋	6	96	11	11	96	81	102	59	91	0	0	0	0	1					
511	武神殿守护者	敖子默	7	97	11	11	96	81	102	59	92	0	0	0	0	1					
512	武神殿守护者	尹孤凌	8	97	11	11	96	81	102	59	92	0	0	0	0	1					
513	武神殿守护者	谷啸滔	9	97	11	11	96	81	102	59	92	0	0	0	0	1					
514	武神殿守护者	于墨宣	10	97	11	11	96	81	102	59	92	0	0	0	0	1					
515	武神殿守护者	胡代灵	11	97	11	11	96	81	102	59	92	0	0	0	0	1					
516	武神殿守护者	苗青寒	12	98	11	11	96	81	102	59	93	0	0	0	0	1					
517	武神殿守护者	凌修为	13	98	11	11	96	81	102	59	93	0	0	0	0	1					
518	武神殿守护者	淳于忆枫	14	98	11	11	96	81	102	59	93	0	0	0	0	1					
519	武神殿守护者	迟访烟	15	98	11	11	96	81	102	59	93	0	0	0	0	1					
520	武神殿守护者	房兴腾	16	98	11	11	96	81	102	59	93	0	0	0	0	1					
521	武神殿守护者	邢惜寒	17	99	11	11	96	81	102	59	94	0	0	0	0	1					
522	武神殿守护者	郑夜昱	18	99	11	11	96	81	102	59	94	0	0	0	0	1					
523	武神殿守护者	米和洽	1	99	11	11	96	81	102	59	94	0	0	0	0	1					
524	武神殿守护者	商思御	2	99	11	11	96	81	102	59	94	0	0	0	0	1					
525	武神殿守护者	陶安波	3	99	11	11	96	81	102	59	94	0	0	0	0	1					
526	武神殿守护者	桂达安	4	100	12	11	96	81	102	59	95	0	0	0	0	1					
527	武神殿守护者	俞修文	5	100	12	11	96	81	102	59	95	0	0	0	0	1					
528	武神殿守护者	廖弘深	6	100	12	11	96	81	102	59	95	0	0	0	0	1					
529	武神殿守护者	黎景曜	7	100	12	11	96	81	102	59	95	0	0	0	0	1					
530	武神殿守护者	喻天罡	8	100	12	11	96	81	102	59	95	0	0	0	0	1					
531	武神殿守护者	师思烟	9	101	12	11	96	81	102	59	96	0	0	0	0	1					
532	武神殿守护者	苑烨赫	10	101	12	11	96	81	102	59	96	0	0	0	0	1					
533	武神殿守护者	马风德	11	101	12	11	96	81	102	59	96	0	0	0	0	1					
534	武神殿守护者	荀宇荫	12	101	12	11	96	81	102	59	96	0	0	0	0	1					
535	武神殿守护者	于成礼	13	101	12	11	96	81	102	59	96	0	0	0	0	1					
536	武神殿守护者	狄奇邃	14	102	12	11	96	81	102	59	97	0	0	0	0	1					
537	武神殿守护者	郑代灵	15	102	12	11	96	81	102	59	97	0	0	0	0	1					
538	武神殿守护者	凌阳朔	16	102	12	11	96	81	102	59	97	0	0	0	0	1					
539	武神殿守护者	刘君昊	17	102	12	11	96	81	102	59	97	0	0	0	0	1					
540	武神殿守护者	樊白凡	18	102	12	11	96	81	102	59	97	0	0	0	0	1					
541	武神殿守护者	孙明煦	1	103	12	11	96	81	102	59	98	0	0	0	0	1					
542	武神殿守护者	庞从凝	2	103	12	11	96	81	102	59	98	0	0	0	0	1					
543	武神殿守护者	孔正谊	3	103	12	11	96	81	102	59	98	0	0	0	0	1					
544	武神殿守护者	瞿永康	4	103	12	11	96	81	102	59	98	0	0	0	0	1					
545	武神殿守护者	翁奇略	5	103	12	11	96	81	102	59	98	0	0	0	0	1					
546	武神殿守护者	元怜腾	6	104	12	11	96	81	102	59	99	0	0	0	0	1					
547	武神殿守护者	骆朋兴	7	104	12	11	96	81	102	59	99	0	0	0	0	1					
548	武神殿守护者	徐翰藻	8	104	12	11	96	81	102	59	99	0	0	0	0	1					
549	武神殿守护者	公冶夏秋	9	104	12	11	96	81	102	59	99	0	0	0	0	1					
550	武神殿守护者	孔又连	10	104	12	11	96	81	102	59	99	0	0	0	0	1					
551	武神殿守护者	缪墨瑶	11	105	12	12	96	81	102	59	100	0	0	0	0	1					
552	武神殿守护者	牟易文	12	105	12	12	96	81	102	59	100	0	0	0	0	1					
553	武神殿守护者	郭瀚玥	13	105	12	12	96	81	102	59	100	0	0	0	0	1					
554	武神殿守护者	咎安然	14	105	12	12	96	81	102	59	100	0	0	0	0	1					
555	武神殿守护者	银雨文	15	105	12	12	96	81	102	59	100	0	0	0	0	1					
556	武神殿守护者	闵丹啸	16	106	12	12	96	81	102	59	101	0	0	0	0	1					
557	武神殿守护者	黎英彦	17	106	12	12	96	81	102	59	101	0	0	0	0	1					
558	武神殿守护者	邢念滔	18	106	12	12	96	81	102	59	101	0	0	0	0	1					
559	武神殿守护者	宫星剑	1	106	12	12	96	81	102	59	101	0	0	0	0	1					
560	武神殿守护者	淳于文昌	2	106	12	12	96	81	102	59	101	0	0	0	0	1					
561	武神殿守护者	诸和安	3	107	12	12	96	81	102	59	102	0	0	0	0	1					
562	武神殿守护者	景平端	4	107	12	12	96	81	102	59	102	0	0	0	0	1					
563	武神殿守护者	凌嘉致	5	107	12	12	96	81	102	59	102	0	0	0	0	1					
564	武神殿守护者	翟尔柳	6	107	12	12	96	81	102	59	102	0	0	0	0	1					
565	武神殿守护者	荀半双	7	107	12	12	96	81	102	59	102	0	0	0	0	1					
566	武神殿守护者	李雨正	8	108	12	12	96	81	102	59	103	0	0	0	0	1					
567	武神殿守护者	滕巍昂	9	108	12	12	96	81	102	59	103	0	0	0	0	1					
568	武神殿守护者	闻志明	10	108	12	12	96	81	102	59	103	0	0	0	0	1					
569	武神殿守护者	侯笑南	11	108	12	12	96	81	102	59	103	0	0	0	0	1					
570	武神殿守护者	东郭安翔	12	108	12	12	96	81	102	59	103	0	0	0	0	1					
571	武神殿守护者	史怀连	13	109	12	12	96	81	102	59	104	0	0	0	0	1					
572	武神殿守护者	廉博超	14	109	12	12	96	81	102	59	104	0	0	0	0	1					
573	武神殿守护者	卞风弼	15	109	12	12	96	81	102	59	104	0	0	0	0	1					
574	武神殿守护者	秦代凡	16	109	12	12	96	81	102	59	104	0	0	0	0	1					
575	武神殿守护者	廉灵扇	17	109	12	12	96	81	102	59	104	0	0	0	0	1					
576	武神殿守护者	唐冷正	18	110	13	12	96	81	102	59	105	0	0	0	0	1					
577	武神殿守护者	花浩大	1	110	13	12	96	81	102	59	105	0	0	0	0	1					
578	武神殿守护者	薛沛芹	2	110	13	12	96	81	102	59	105	0	0	0	0	1					
579	武神殿守护者	单访风	3	110	13	12	96	81	102	59	105	0	0	0	0	1					
580	武神殿守护者	费华奥	4	110	13	12	96	81	102	59	105	0	0	0	0	1					
581	武神殿守护者	韩向槐	5	111	13	12	96	81	102	59	106	0	0	0	0	1					
582	武神殿守护者	於明智	6	111	13	12	96	81	102	59	106	0	0	0	0	1					
583	武神殿守护者	费光誉	7	111	13	12	96	81	102	59	106	0	0	0	0	1					
584	武神殿守护者	殷秋啸	8	111	13	12	96	81	102	59	106	0	0	0	0	1					
585	武神殿守护者	慕容易容	9	111	13	12	96	81	102	59	106	0	0	0	0	1					
586	武神殿守护者	邬英资	10	112	13	12	96	81	102	59	107	0	0	0	0	1					
587	武神殿守护者	严端啸	11	112	13	12	96	81	102	59	107	0	0	0	0	1					
588	武神殿守护者	黄天工	12	112	13	12	96	81	102	59	107	0	0	0	0	1					
589	武神殿守护者	简墨竹	13	112	13	12	96	81	102	59	107	0	0	0	0	1					
590	武神殿守护者	裴达寒	14	112	13	12	96	81	102	59	107	0	0	0	0	1					
591	武神殿守护者	司马元青	15	113	13	12	96	81	102	59	108	0	0	0	0	1					
592	武神殿守护者	林水荷	16	113	13	12	96	81	102	59	108	0	0	0	0	1					
593	武神殿守护者	江元基	17	113	13	12	96	81	102	59	108	0	0	0	0	1					
594	武神殿守护者	戴冷雪	18	113	13	12	96	81	102	59	108	0	0	0	0	1					
595	武神殿守护者	于雪秋	1	113	13	12	96	81	102	59	108	0	0	0	0	1					
596	武神殿守护者	岳明喆	2	114	13	12	96	81	102	59	109	0	0	0	0	1					
597	武神殿守护者	邢水儿	3	114	13	12	96	81	102	59	109	0	0	0	0	1					
598	武神殿守护者	赵山赋	4	114	13	12	96	81	102	59	109	0	0	0	0	1					
599	武神殿守护者	喻乐游	5	114	13	12	96	81	102	59	109	0	0	0	0	1					
600	武神殿守护者	吕子濯	6	114	13	12	96	81	102	59	109	0	0	0	0	1					
601	武神殿守护者	官书琴	7	115	13	13	96	81	102	59	110	0	0	0	0	1					
602	武神殿守护者	龚志诚	8	115	13	13	96	81	102	59	110	0	0	0	0	1					
603	武神殿守护者	左丘翰林	9	115	13	13	96	81	102	59	110	0	0	0	0	1					
604	武神殿守护者	仲孙宏远	10	115	13	13	96	81	102	59	110	0	0	0	0	1					
605	武神殿守护者	章忆达	11	115	13	13	96	81	102	59	110	0	0	0	0	1					
606	武神殿守护者	独孤俊誉	12	116	13	13	96	81	102	59	110	0	0	0	0	1					
607	武神殿守护者	严锐精	13	116	13	13	96	81	102	59	110	0	0	0	0	1					
608	武神殿守护者	栾觅云	14	116	13	13	96	81	102	59	110	0	0	0	0	1					
609	武神殿守护者	司马亦旋	15	116	13	13	96	81	102	59	110	0	0	0	0	1					
610	武神殿守护者	段忆雪	16	116	13	13	96	81	102	59	110	0	0	0	0	1					
611	武神殿守护者	穆墨容	17	117	13	13	96	81	102	59	110	0	0	0	0	1					
612	武神殿守护者	沈星火	18	117	13	13	96	81	102	59	110	0	0	0	0	1					
613	武神殿守护者	令狐思枫	1	117	13	13	96	81	102	59	110	0	0	0	0	1					
614	武神殿守护者	慕寒松	2	117	13	13	96	81	102	59	110	0	0	0	0	1					
615	武神殿守护者	贺和光	3	117	13	13	96	81	102	59	110	0	0	0	0	1					
616	武神殿守护者	穆鸿熙	4	118	13	13	96	81	102	59	110	0	0	0	0	1					
617	武神殿守护者	苏弘文	5	118	13	13	96	81	102	59	110	0	0	0	0	1					
618	武神殿守护者	雍嘉赐	6	118	13	13	96	81	102	59	110	0	0	0	0	1					
619	武神殿守护者	伍兴业	7	118	13	13	96	81	102	59	110	0	0	0	0	1					
620	武神殿守护者	邢宜人	8	118	13	13	96	81	102	59	110	0	0	0	0	1					
621	武神殿守护者	姜嘉树	9	119	13	13	96	81	102	59	110	0	0	0	0	1					
622	武神殿守护者	东门思宣	10	119	13	13	96	81	102	59	110	0	0	0	0	1					
623	武神殿守护者	秦雁戮	11	119	13	13	96	81	102	59	110	0	0	0	0	1					
624	武神殿守护者	车映真	12	119	13	13	96	81	102	59	110	0	0	0	0	1					
625	武神殿守护者	罗才良	13	119	13	13	96	81	102	59	110	0	0	0	0	1					
626	武神殿守护者	熊墨云	14	120	14	13	96	81	102	59	110	0	0	0	0	1					
627	武神殿守护者	阎雪容	15	120	14	13	96	81	102	59	110	0	0	0	0	1					
628	武神殿守护者	项奇胜	16	120	14	13	96	81	102	59	110	0	0	0	0	1					
629	武神殿守护者	司鸿秋扇	17	120	14	13	96	81	102	59	110	0	0	0	0	1					
630	武神殿守护者	严以筠	18	120	14	13	96	81	102	59	110	0	0	0	0	1					
631	武神殿守护者	蔡诗丹	1	121	14	13	96	81	102	59	110	0	0	0	0	1					
632	武神殿守护者	龙博瀚	2	121	14	13	96	81	102	59	110	0	0	0	0	1					
633	武神殿守护者	衣访琴	3	121	14	13	96	81	102	59	110	0	0	0	0	1					
634	武神殿守护者	萧和颂	4	121	14	13	96	81	102	59	110	0	0	0	0	1					
635	武神殿守护者	郭和昱	5	121	14	13	96	81	102	59	110	0	0	0	0	1					
636	武神殿守护者	简晓博	6	122	14	13	96	81	102	59	110	0	0	0	0	1					
637	武神殿守护者	宋阳羽	7	122	14	13	96	81	102	59	110	0	0	0	0	1					
638	武神殿守护者	马灵扇	8	122	14	13	96	81	102	59	110	0	0	0	0	1					
639	武神殿守护者	岳敏叡	9	122	14	13	96	81	102	59	110	0	0	0	0	1					
640	武神殿守护者	徐灵松	10	122	14	13	96	81	102	59	110	0	0	0	0	1					
641	武神殿守护者	寇醉柳	11	123	14	13	96	81	102	59	110	0	0	0	0	1					
642	武神殿守护者	司马明轩	12	123	14	13	96	81	102	59	110	0	0	0	0	1					
643	武神殿守护者	叶翰藻	13	123	14	13	96	81	102	59	110	0	0	0	0	1					
644	武神殿守护者	邢俊哲	14	123	14	13	96	81	102	59	110	0	0	0	0	1					
645	武神殿守护者	闾丘坚白	15	123	14	13	96	81	102	59	110	0	0	0	0	1					
646	武神殿守护者	卜祺瑞	16	124	14	13	96	81	102	59	110	0	0	0	0	1					
647	武神殿守护者	林雅健	17	124	14	13	96	81	102	59	110	0	0	0	0	1					
648	武神殿守护者	帅文石	18	124	14	13	96	81	102	59	110	0	0	0	0	1					
649	武神殿守护者	邬笑槐	1	124	14	13	96	81	102	59	110	0	0	0	0	1					
650	武神殿守护者	禹伟祺	2	124	14	13	96	81	102	59	110	0	0	0	0	1					
651	武神殿守护者	贾兴腾	3	125	14	14	96	81	102	59	110	0	0	0	0	1					
652	武神殿守护者	柯烨烁	4	125	14	14	96	81	102	59	110	0	0	0	0	1					
653	武神殿守护者	鲍雅达	5	125	14	14	96	81	102	59	110	0	0	0	0	1					
654	武神殿守护者	梅觅双	6	125	14	14	96	81	102	59	110	0	0	0	0	1					
655	武神殿守护者	瞿睿识	7	125	14	14	96	81	102	59	110	0	0	0	0	1					
656	武神殿守护者	鲁承基	8	126	14	14	96	81	102	59	110	0	0	0	0	1					
657	武神殿守护者	金白安	9	126	14	14	96	81	102	59	110	0	0	0	0	1					
658	武神殿守护者	项怀寒	10	126	14	14	96	81	102	59	110	0	0	0	0	1					
659	武神殿守护者	木志学	11	126	14	14	96	81	102	59	110	0	0	0	0	1					
660	武神殿守护者	慕听风	12	126	14	14	96	81	102	59	110	0	0	0	0	1					
661	武神殿守护者	东门斌蔚	13	127	14	14	96	81	102	59	110	0	0	0	0	1					
662	武神殿守护者	彭雁菡	14	127	14	14	96	81	102	59	110	0	0	0	0	1					
663	武神殿守护者	胡星汉	15	127	14	14	96	81	102	59	110	0	0	0	0	1					
664	武神殿守护者	池盼易	16	127	14	14	96	81	102	59	110	0	0	0	0	1					
665	武神殿守护者	桑白竹	17	127	14	14	96	81	102	59	110	0	0	0	0	1					
666	武神殿守护者	全语儿	18	128	14	14	96	81	102	59	110	0	0	0	0	1					
667	武神殿守护者	党宏博	1	128	14	14	96	81	102	59	110	0	0	0	0	1					
668	武神殿守护者	韦元瑶	2	128	14	14	96	81	102	59	110	0	0	0	0	1					
669	武神殿守护者	华幻枫	3	128	14	14	96	81	102	59	110	0	0	0	0	1					
670	武神殿守护者	成傲易	4	128	14	14	96	81	102	59	110	0	0	0	0	1					
671	武神殿守护者	石英睿	5	129	14	14	96	81	102	59	110	0	0	0	0	1					
672	武神殿守护者	司鸿绍钧	6	129	14	14	96	81	102	59	110	0	0	0	0	1					
673	武神殿守护者	周思淼	7	129	14	14	96	81	102	59	110	0	0	0	0	1					
674	武神殿守护者	宇文忆南	8	129	14	14	96	81	102	59	110	0	0	0	0	1					
675	武神殿守护者	司凝连	9	129	14	14	96	81	102	59	110	0	0	0	0	1					
676	武神殿守护者	孟以腾	10	130	15	14	96	81	102	59	110	0	0	0	0	1					
677	武神殿守护者	雍易槐	11	130	15	14	96	81	102	59	110	0	0	0	0	1					
678	武神殿守护者	戚坚诚	12	130	15	14	96	81	102	59	110	0	0	0	0	1					
679	武神殿守护者	牟慕雁	13	130	15	14	96	81	102	59	110	0	0	0	0	1					
680	武神殿守护者	耿勇男	14	130	15	14	96	81	102	59	110	0	0	0	0	1					
681	武神殿守护者	游修筠	15	131	15	14	96	81	102	59	110	0	0	0	0	1					
682	武神殿守护者	尉迟惜扇	16	131	15	14	96	81	102	59	110	0	0	0	0	1					
683	武神殿守护者	马心远	17	131	15	14	96	81	102	59	110	0	0	0	0	1					
684	武神殿守护者	阎天骄	18	131	15	14	96	81	102	59	110	0	0	0	0	1					
685	武神殿守护者	帅书柳	1	131	15	14	96	81	102	59	110	0	0	0	0	1					
686	武神殿守护者	麦彭彭	2	132	15	14	96	81	102	59	110	0	0	0	0	1					
687	武神殿守护者	连成和	3	132	15	14	96	81	102	59	110	0	0	0	0	1					
688	武神殿守护者	司空宏深	4	132	15	14	96	81	102	59	110	0	0	0	0	1					
689	武神殿守护者	易寄瑶	5	132	15	14	96	81	102	59	110	0	0	0	0	1					
690	武神殿守护者	苗白卉	6	132	15	14	96	81	102	59	110	0	0	0	0	1					
691	武神殿守护者	时俊杰	7	133	15	14	96	81	102	59	110	0	0	0	0	1					
692	武神殿守护者	邝飞书	8	133	15	14	96	81	102	59	110	0	0	0	0	1					
693	武神殿守护者	寇华翰	9	133	15	14	96	81	102	59	110	0	0	0	0	1					
694	武神殿守护者	淳于冷霜	10	133	15	14	96	81	102	59	110	0	0	0	0	1					
695	武神殿守护者	任寄灵	11	133	15	14	96	81	102	59	110	0	0	0	0	1					
696	武神殿守护者	何自怡	12	134	15	14	96	81	102	59	110	0	0	0	0	1					
697	武神殿守护者	家凡之	13	134	15	14	96	81	102	59	110	0	0	0	0	1					
698	武神殿守护者	隋亦游	14	134	15	14	96	81	102	59	110	0	0	0	0	1					
699	武神殿守护者	管初瑶	15	134	15	14	96	81	102	59	110	0	0	0	0	1					
700	武神殿守护者	萧浩博	16	134	15	14	96	81	102	59	110	0	0	0	0	1					
701	武神殿守护者	查以柳	17	135	15	15	96	81	102	59	110	0	0	0	0	1					
702	武神殿守护者	西门灵安	18	135	15	15	96	81	102	59	110	0	0	0	0	1					
703	武神殿守护者	卜海冬	1	135	15	15	96	81	102	59	110	0	0	0	0	1					
704	武神殿守护者	尉迟良翰	2	135	15	15	96	81	102	59	110	0	0	0	0	1					
705	武神殿守护者	荣夏真	3	135	15	15	96	81	102	59	110	0	0	0	0	1					
706	武神殿守护者	单于乐凡	4	136	15	15	96	81	102	59	110	0	0	0	0	1					
707	武神殿守护者	郎半安	5	136	15	15	96	81	102	59	110	0	0	0	0	1					
708	武神殿守护者	潘泽语	6	136	15	15	96	81	102	59	110	0	0	0	0	1					
709	武神殿守护者	单于元思	7	136	15	15	96	81	102	59	110	0	0	0	0	1					
710	武神殿守护者	明啸赋	8	136	15	15	96	81	102	59	110	0	0	0	0	1					
711	武神殿守护者	敖子默	9	137	15	15	96	81	102	59	110	0	0	0	0	1					
712	武神殿守护者	尹孤凌	10	137	15	15	96	81	102	59	110	0	0	0	0	1					
713	武神殿守护者	谷啸滔	11	137	15	15	96	81	102	59	110	0	0	0	0	1					
714	武神殿守护者	于墨宣	12	137	15	15	96	81	102	59	110	0	0	0	0	1					
715	武神殿守护者	胡代灵	13	137	15	15	96	81	102	59	110	0	0	0	0	1					
716	武神殿守护者	苗青寒	14	138	15	15	96	81	102	59	110	0	0	0	0	1					
717	武神殿守护者	凌修为	15	138	15	15	96	81	102	59	110	0	0	0	0	1					
718	武神殿守护者	淳于忆枫	16	138	15	15	96	81	102	59	110	0	0	0	0	1					
719	武神殿守护者	迟访烟	17	138	15	15	96	81	102	59	110	0	0	0	0	1					
720	武神殿守护者	房兴腾	18	138	15	15	96	81	102	59	110	0	0	0	0	1					
721	武神殿守护者	邢惜寒	1	139	15	15	96	81	102	59	110	0	0	0	0	1					
722	武神殿守护者	郑夜昱	2	139	15	15	96	81	102	59	110	0	0	0	0	1					
723	武神殿守护者	米和洽	3	139	15	15	96	81	102	59	110	0	0	0	0	1					
724	武神殿守护者	商思御	4	139	15	15	96	81	102	59	110	0	0	0	0	1					
725	武神殿守护者	陶安波	5	139	15	15	96	81	102	59	110	0	0	0	0	1					
726	武神殿守护者	桂达安	6	140	16	15	96	81	102	59	110	0	0	0	0	1					
727	武神殿守护者	俞修文	7	140	16	15	96	81	102	59	110	0	0	0	0	1					
728	武神殿守护者	廖弘深	8	140	16	15	96	81	102	59	110	0	0	0	0	1					
729	武神殿守护者	黎景曜	9	140	16	15	96	81	102	59	110	0	0	0	0	1					
730	武神殿守护者	喻天罡	10	140	16	15	96	81	102	59	110	0	0	0	0	1					
731	武神殿守护者	师思烟	11	141	16	15	96	81	102	59	110	0	0	0	0	1					
732	武神殿守护者	苑烨赫	12	141	16	15	96	81	102	59	110	0	0	0	0	1					
733	武神殿守护者	马风德	13	141	16	15	96	81	102	59	110	0	0	0	0	1					
734	武神殿守护者	荀宇荫	14	141	16	15	96	81	102	59	110	0	0	0	0	1					
735	武神殿守护者	于成礼	15	141	16	15	96	81	102	59	110	0	0	0	0	1					
736	武神殿守护者	狄奇邃	16	142	16	15	96	81	102	59	110	0	0	0	0	1					
737	武神殿守护者	郑代灵	17	142	16	15	96	81	102	59	110	0	0	0	0	1					
738	武神殿守护者	凌阳朔	18	142	16	15	96	81	102	59	110	0	0	0	0	1					
739	武神殿守护者	刘君昊	1	142	16	15	96	81	102	59	110	0	0	0	0	1					
740	武神殿守护者	樊白凡	2	142	16	15	96	81	102	59	110	0	0	0	0	1					
741	武神殿守护者	孙明煦	3	143	16	15	96	81	102	59	110	0	0	0	0	1					
742	武神殿守护者	庞从凝	4	143	16	15	96	81	102	59	110	0	0	0	0	1					
743	武神殿守护者	孔正谊	5	143	16	15	96	81	102	59	110	0	0	0	0	1					
744	武神殿守护者	瞿永康	6	143	16	15	96	81	102	59	110	0	0	0	0	1					
745	武神殿守护者	翁奇略	7	143	16	15	96	81	102	59	110	0	0	0	0	1					
746	武神殿守护者	元怜腾	8	144	16	15	96	81	102	59	110	0	0	0	0	1					
747	武神殿守护者	骆朋兴	9	144	16	15	96	81	102	59	110	0	0	0	0	1					
748	武神殿守护者	徐翰藻	10	144	16	15	96	81	102	59	110	0	0	0	0	1					
749	武神殿守护者	公冶夏秋	11	144	16	15	96	81	102	59	110	0	0	0	0	1					
750	武神殿守护者	孔又连	12	144	16	15	96	81	102	59	110	0	0	0	0	1					
751	武神殿守护者	缪墨瑶	13	145	16	16	96	81	102	59	110	0	0	0	0	1					
752	武神殿守护者	牟易文	14	145	16	16	96	81	102	59	110	0	0	0	0	1					
753	武神殿守护者	郭瀚玥	15	145	16	16	96	81	102	59	110	0	0	0	0	1					
754	武神殿守护者	咎安然	16	145	16	16	96	81	102	59	110	0	0	0	0	1					
755	武神殿守护者	银雨文	17	145	16	16	96	81	102	59	110	0	0	0	0	1					
756	武神殿守护者	闵丹啸	18	146	16	16	96	81	102	59	110	0	0	0	0	1					
757	武神殿守护者	黎英彦	1	146	16	16	96	81	102	59	110	0	0	0	0	1					
758	武神殿守护者	邢念滔	2	146	16	16	96	81	102	59	110	0	0	0	0	1					
759	武神殿守护者	宫星剑	3	146	16	16	96	81	102	59	110	0	0	0	0	1					
760	武神殿守护者	淳于文昌	4	146	16	16	96	81	102	59	110	0	0	0	0	1					
761	武神殿守护者	诸和安	5	147	16	16	96	81	102	59	110	0	0	0	0	1					
762	武神殿守护者	景平端	6	147	16	16	96	81	102	59	110	0	0	0	0	1					
763	武神殿守护者	凌嘉致	7	147	16	16	96	81	102	59	110	0	0	0	0	1					
764	武神殿守护者	翟尔柳	8	147	16	16	96	81	102	59	110	0	0	0	0	1					
765	武神殿守护者	荀半双	9	147	16	16	96	81	102	59	110	0	0	0	0	1					
766	武神殿守护者	李雨正	10	148	16	16	96	81	102	59	110	0	0	0	0	1					
767	武神殿守护者	滕巍昂	11	148	16	16	96	81	102	59	110	0	0	0	0	1					
768	武神殿守护者	闻志明	12	148	16	16	96	81	102	59	110	0	0	0	0	1					
769	武神殿守护者	侯笑南	13	148	16	16	96	81	102	59	110	0	0	0	0	1					
770	武神殿守护者	东郭安翔	14	148	16	16	96	81	102	59	110	0	0	0	0	1					
771	武神殿守护者	史怀连	15	149	16	16	96	81	102	59	110	0	0	0	0	1					
772	武神殿守护者	廉博超	16	149	16	16	96	81	102	59	110	0	0	0	0	1					
773	武神殿守护者	卞风弼	17	149	16	16	96	81	102	59	110	0	0	0	0	1					
774	武神殿守护者	秦代凡	18	149	16	16	96	81	102	59	110	0	0	0	0	1					
775	武神殿守护者	廉灵扇	1	149	16	16	96	81	102	59	110	0	0	0	0	1					
776	武神殿守护者	唐冷正	2	150	17	16	96	81	102	59	110	0	0	0	0	1					
777	武神殿守护者	花浩大	3	150	17	16	96	81	102	59	110	0	0	0	0	1					
778	武神殿守护者	薛沛芹	4	150	17	16	96	81	102	59	110	0	0	0	0	1					
779	武神殿守护者	单访风	5	150	17	16	96	81	102	59	110	0	0	0	0	1					
780	武神殿守护者	费华奥	6	150	17	16	96	81	102	59	110	0	0	0	0	1					
781	武神殿守护者	韩向槐	7	151	17	16	96	81	102	59	110	0	0	0	0	1					
782	武神殿守护者	於明智	8	151	17	16	96	81	102	59	110	0	0	0	0	1					
783	武神殿守护者	费光誉	9	151	17	16	96	81	102	59	110	0	0	0	0	1					
784	武神殿守护者	殷秋啸	10	151	17	16	96	81	102	59	110	0	0	0	0	1					
785	武神殿守护者	慕容易容	11	151	17	16	96	81	102	59	110	0	0	0	0	1					
786	武神殿守护者	邬英资	12	152	17	16	96	81	102	59	110	0	0	0	0	1					
787	武神殿守护者	严端啸	13	152	17	16	96	81	102	59	110	0	0	0	0	1					
788	武神殿守护者	黄天工	14	152	17	16	96	81	102	59	110	0	0	0	0	1					
789	武神殿守护者	简墨竹	15	152	17	16	96	81	102	59	110	0	0	0	0	1					
790	武神殿守护者	裴达寒	16	152	17	16	96	81	102	59	110	0	0	0	0	1					
791	武神殿守护者	司马元青	17	153	17	16	96	81	102	59	110	0	0	0	0	1					
792	武神殿守护者	林水荷	18	153	17	16	96	81	102	59	110	0	0	0	0	1					
793	武神殿守护者	江元基	1	153	17	16	96	81	102	59	110	0	0	0	0	1					
794	武神殿守护者	戴冷雪	2	153	17	16	96	81	102	59	110	0	0	0	0	1					
795	武神殿守护者	于雪秋	3	153	17	16	96	81	102	59	110	0	0	0	0	1					
796	武神殿守护者	岳明喆	4	154	17	16	96	81	102	59	110	0	0	0	0	1					
797	武神殿守护者	邢水儿	5	154	17	16	96	81	102	59	110	0	0	0	0	1					
798	武神殿守护者	赵山赋	6	154	17	16	96	81	102	59	110	0	0	0	0	1					
799	武神殿守护者	喻乐游	7	154	17	16	96	81	102	59	110	0	0	0	0	1					
800	武神殿守护者	吕子濯	8	154	17	16	96	81	102	59	110	0	0	0	0	1					
801	武神殿守护者	官书琴	9	155	17	17	96	81	102	59	110	0	0	0	0	1					
802	武神殿守护者	龚志诚	10	155	17	17	96	81	102	59	110	0	0	0	0	1					
803	武神殿守护者	左丘翰林	11	155	17	17	96	81	102	59	110	0	0	0	0	1					
804	武神殿守护者	仲孙宏远	12	155	17	17	96	81	102	59	110	0	0	0	0	1					
805	武神殿守护者	章忆达	13	155	17	17	96	81	102	59	110	0	0	0	0	1					
806	武神殿守护者	独孤俊誉	14	156	17	17	96	81	102	59	110	0	0	0	0	1					
807	武神殿守护者	严锐精	15	156	17	17	96	81	102	59	110	0	0	0	0	1					
808	武神殿守护者	栾觅云	16	156	17	17	96	81	102	59	110	0	0	0	0	1					
809	武神殿守护者	司马亦旋	17	156	17	17	96	81	102	59	110	0	0	0	0	1					
810	武神殿守护者	段忆雪	18	156	17	17	96	81	102	59	110	0	0	0	0	1					
811	武神殿守护者	穆墨容	1	157	17	17	96	81	102	59	110	0	0	0	0	1					
812	武神殿守护者	沈星火	2	157	17	17	96	81	102	59	110	0	0	0	0	1					
813	武神殿守护者	令狐思枫	3	157	17	17	96	81	102	59	110	0	0	0	0	1					
814	武神殿守护者	慕寒松	4	157	17	17	96	81	102	59	110	0	0	0	0	1					
815	武神殿守护者	贺和光	5	157	17	17	96	81	102	59	110	0	0	0	0	1					
816	武神殿守护者	穆鸿熙	6	158	17	17	96	81	102	59	110	0	0	0	0	1					
817	武神殿守护者	苏弘文	7	158	17	17	96	81	102	59	110	0	0	0	0	1					
818	武神殿守护者	雍嘉赐	8	158	17	17	96	81	102	59	110	0	0	0	0	1					
819	武神殿守护者	伍兴业	9	158	17	17	96	81	102	59	110	0	0	0	0	1					
820	武神殿守护者	邢宜人	10	158	17	17	96	81	102	59	110	0	0	0	0	1					
821	武神殿守护者	姜嘉树	11	159	17	17	96	81	102	59	110	0	0	0	0	1					
822	武神殿守护者	东门思宣	12	159	17	17	96	81	102	59	110	0	0	0	0	1					
823	武神殿守护者	秦雁戮	13	159	17	17	96	81	102	59	110	0	0	0	0	1					
824	武神殿守护者	车映真	14	159	17	17	96	81	102	59	110	0	0	0	0	1					
825	武神殿守护者	罗才良	15	159	17	17	96	81	102	59	110	0	0	0	0	1					
826	武神殿守护者	熊墨云	16	160	18	17	96	81	102	59	110	0	0	0	0	1					
827	武神殿守护者	阎雪容	17	160	18	17	96	81	102	59	110	0	0	0	0	1					
828	武神殿守护者	项奇胜	18	160	18	17	96	81	102	59	110	0	0	0	0	1					
829	武神殿守护者	司鸿秋扇	1	160	18	17	96	81	102	59	110	0	0	0	0	1					
830	武神殿守护者	严以筠	2	160	18	17	96	81	102	59	110	0	0	0	0	1					
831	武神殿守护者	蔡诗丹	3	161	18	17	96	81	102	59	110	0	0	0	0	1					
832	武神殿守护者	龙博瀚	4	161	18	17	96	81	102	59	110	0	0	0	0	1					
833	武神殿守护者	衣访琴	5	161	18	17	96	81	102	59	110	0	0	0	0	1					
834	武神殿守护者	萧和颂	6	161	18	17	96	81	102	59	110	0	0	0	0	1					
835	武神殿守护者	郭和昱	7	161	18	17	96	81	102	59	110	0	0	0	0	1					
836	武神殿守护者	简晓博	8	162	18	17	96	81	102	59	110	0	0	0	0	1					
837	武神殿守护者	宋阳羽	9	162	18	17	96	81	102	59	110	0	0	0	0	1					
838	武神殿守护者	马灵扇	10	162	18	17	96	81	102	59	110	0	0	0	0	1					
839	武神殿守护者	岳敏叡	11	162	18	17	96	81	102	59	110	0	0	0	0	1					
840	武神殿守护者	徐灵松	12	162	18	17	96	81	102	59	110	0	0	0	0	1					
841	武神殿守护者	寇醉柳	13	163	18	17	96	81	102	59	110	0	0	0	0	1					
842	武神殿守护者	司马明轩	14	163	18	17	96	81	102	59	110	0	0	0	0	1					
843	武神殿守护者	叶翰藻	15	163	18	17	96	81	102	59	110	0	0	0	0	1					
844	武神殿守护者	邢俊哲	16	163	18	17	96	81	102	59	110	0	0	0	0	1					
845	武神殿守护者	闾丘坚白	17	163	18	17	96	81	102	59	110	0	0	0	0	1					
846	武神殿守护者	卜祺瑞	18	164	18	17	96	81	102	59	110	0	0	0	0	1					
847	武神殿守护者	林雅健	1	164	18	17	96	81	102	59	110	0	0	0	0	1					
848	武神殿守护者	帅文石	2	164	18	17	96	81	102	59	110	0	0	0	0	1					
849	武神殿守护者	邬笑槐	3	164	18	17	96	81	102	59	110	0	0	0	0	1					
850	武神殿守护者	禹伟祺	4	164	18	17	96	81	102	59	110	0	0	0	0	1					
851	武神殿守护者	贾兴腾	5	165	18	18	96	81	102	59	110	0	0	0	0	1					
852	武神殿守护者	柯烨烁	6	165	18	18	96	81	102	59	110	0	0	0	0	1					
853	武神殿守护者	鲍雅达	7	165	18	18	96	81	102	59	110	0	0	0	0	1					
854	武神殿守护者	梅觅双	8	165	18	18	96	81	102	59	110	0	0	0	0	1					
855	武神殿守护者	瞿睿识	9	165	18	18	96	81	102	59	110	0	0	0	0	1					
856	武神殿守护者	鲁承基	10	166	18	18	96	81	102	59	110	0	0	0	0	1					
857	武神殿守护者	金白安	11	166	18	18	96	81	102	59	110	0	0	0	0	1					
858	武神殿守护者	项怀寒	12	166	18	18	96	81	102	59	110	0	0	0	0	1					
859	武神殿守护者	木志学	13	166	18	18	96	81	102	59	110	0	0	0	0	1					
860	武神殿守护者	慕听风	14	166	18	18	96	81	102	59	110	0	0	0	0	1					
861	武神殿守护者	东门斌蔚	15	167	18	18	96	81	102	59	110	0	0	0	0	1					
862	武神殿守护者	彭雁菡	16	167	18	18	96	81	102	59	110	0	0	0	0	1					
863	武神殿守护者	胡星汉	17	167	18	18	96	81	102	59	110	0	0	0	0	1					
864	武神殿守护者	池盼易	18	167	18	18	96	81	102	59	110	0	0	0	0	1					
865	武神殿守护者	桑白竹	1	167	18	18	96	81	102	59	110	0	0	0	0	1					
866	武神殿守护者	全语儿	2	168	18	18	96	81	102	59	110	0	0	0	0	1					
867	武神殿守护者	党宏博	3	168	18	18	96	81	102	59	110	0	0	0	0	1					
868	武神殿守护者	韦元瑶	4	168	18	18	96	81	102	59	110	0	0	0	0	1					
869	武神殿守护者	华幻枫	5	168	18	18	96	81	102	59	110	0	0	0	0	1					
870	武神殿守护者	成傲易	6	168	18	18	96	81	102	59	110	0	0	0	0	1					
871	武神殿守护者	石英睿	7	169	18	18	96	81	102	59	110	0	0	0	0	1					
872	武神殿守护者	司鸿绍钧	8	169	18	18	96	81	102	59	110	0	0	0	0	1					
873	武神殿守护者	周思淼	9	169	18	18	96	81	102	59	110	0	0	0	0	1					
874	武神殿守护者	宇文忆南	10	169	18	18	96	81	102	59	110	0	0	0	0	1					
875	武神殿守护者	司凝连	11	169	18	18	96	81	102	59	110	0	0	0	0	1					
876	武神殿守护者	孟以腾	12	170	18	18	96	81	102	59	110	0	0	0	0	1					
877	武神殿守护者	官书琴	13	170	18	18	96	81	102	59	110	0	0	0	0	1					
878	武神殿守护者	龚志诚	14	170	18	18	96	81	102	59	110	0	0	0	0	1					
879	武神殿守护者	左丘翰林	15	170	18	18	96	81	102	59	110	0	0	0	0	1					
880	武神殿守护者	仲孙宏远	16	170	18	18	96	81	102	59	110	0	0	0	0	1					
881	武神殿守护者	章忆达	17	171	18	18	96	81	102	59	110	0	0	0	0	1					
882	武神殿守护者	独孤俊誉	18	171	18	18	96	81	102	59	110	0	0	0	0	1					
883	武神殿守护者	严锐精	1	171	18	18	96	81	102	59	110	0	0	0	0	1					
884	武神殿守护者	栾觅云	2	171	18	18	96	81	102	59	110	0	0	0	0	1					
885	武神殿守护者	司马亦旋	3	171	18	18	96	81	102	59	110	0	0	0	0	1					
886	武神殿守护者	段忆雪	4	172	18	18	96	81	102	59	110	0	0	0	0	1					
887	武神殿守护者	穆墨容	5	172	18	18	96	81	102	59	110	0	0	0	0	1					
888	武神殿守护者	沈星火	6	172	18	18	96	81	102	59	110	0	0	0	0	1					
889	武神殿守护者	令狐思枫	7	172	18	18	96	81	102	59	110	0	0	0	0	1					
890	武神殿守护者	慕寒松	8	172	18	18	96	81	102	59	110	0	0	0	0	1					
891	武神殿守护者	贺和光	9	173	18	18	96	81	102	59	110	0	0	0	0	1					
892	武神殿守护者	穆鸿熙	10	173	18	18	96	81	102	59	110	0	0	0	0	1					
893	武神殿守护者	苏弘文	11	173	18	18	96	81	102	59	110	0	0	0	0	1					
894	武神殿守护者	雍嘉赐	12	173	18	18	96	81	102	59	110	0	0	0	0	1					
895	武神殿守护者	伍兴业	13	173	18	18	96	81	102	59	110	0	0	0	0	1					
896	武神殿守护者	邢宜人	14	174	18	18	96	81	102	59	110	0	0	0	0	1					
897	武神殿守护者	姜嘉树	15	174	18	18	96	81	102	59	110	0	0	0	0	1					
898	武神殿守护者	东门思宣	16	174	18	18	96	81	102	59	110	0	0	0	0	1					
899	武神殿守护者	秦雁戮	17	174	18	18	96	81	102	59	110	0	0	0	0	1					
900	武神殿守护者	车映真	18	174	18	18	96	81	102	59	110	0	0	0	0	1					
901	武神殿守护者	罗才良	1	175	18	18	96	81	102	59	110	0	0	0	0	1					
902	武神殿守护者	熊墨云	2	175	18	18	96	81	102	59	110	0	0	0	0	1					
903	武神殿守护者	阎雪容	3	175	18	18	96	81	102	59	110	0	0	0	0	1					
904	武神殿守护者	项奇胜	4	175	18	18	96	81	102	59	110	0	0	0	0	1					
905	武神殿守护者	司鸿秋扇	5	175	18	18	96	81	102	59	110	0	0	0	0	1					
906	武神殿守护者	严以筠	6	176	18	18	96	81	102	59	110	0	0	0	0	1					
907	武神殿守护者	蔡诗丹	7	176	18	18	96	81	102	59	110	0	0	0	0	1					
908	武神殿守护者	龙博瀚	8	176	18	18	96	81	102	59	110	0	0	0	0	1					
909	武神殿守护者	衣访琴	9	176	18	18	96	81	102	59	110	0	0	0	0	1					
910	武神殿守护者	萧和颂	10	176	18	18	96	81	102	59	110	0	0	0	0	1					
911	武神殿守护者	郭和昱	11	177	18	18	96	81	102	59	110	0	0	0	0	1					
912	武神殿守护者	简晓博	12	177	18	18	96	81	102	59	110	0	0	0	0	1					
913	武神殿守护者	宋阳羽	13	177	18	18	96	81	102	59	110	0	0	0	0	1					
914	武神殿守护者	马灵扇	14	177	18	18	96	81	102	59	110	0	0	0	0	1					
915	武神殿守护者	岳敏叡	15	177	18	18	96	81	102	59	110	0	0	0	0	1					
916	武神殿守护者	徐灵松	16	178	18	18	96	81	102	59	110	0	0	0	0	1					
917	武神殿守护者	寇醉柳	17	178	18	18	96	81	102	59	110	0	0	0	0	1					
918	武神殿守护者	司马明轩	18	178	18	18	96	81	102	59	110	0	0	0	0	1					
919	武神殿守护者	叶翰藻	1	178	18	18	96	81	102	59	110	0	0	0	0	1					
920	武神殿守护者	邢俊哲	2	178	18	18	96	81	102	59	110	0	0	0	0	1					
921	武神殿守护者	闾丘坚白	3	179	18	18	96	81	102	59	110	0	0	0	0	1					
922	武神殿守护者	卜祺瑞	4	179	18	18	96	81	102	59	110	0	0	0	0	1					
923	武神殿守护者	林雅健	5	179	18	18	96	81	102	59	110	0	0	0	0	1					
924	武神殿守护者	帅文石	6	179	18	18	96	81	102	59	110	0	0	0	0	1					
925	武神殿守护者	邬笑槐	7	179	18	18	96	81	102	59	110	0	0	0	0	1					
926	武神殿守护者	禹伟祺	8	180	18	18	96	81	102	59	110	0	0	0	0	1					
927	武神殿守护者	孟以腾	9	180	18	18	96	81	102	59	110	0	0	0	0	1					
928	武神殿守护者	官书琴	10	180	18	18	96	81	102	59	110	0	0	0	0	1					
929	武神殿守护者	龚志诚	11	180	18	18	96	81	102	59	110	0	0	0	0	1					
930	武神殿守护者	左丘翰林	12	180	18	18	96	81	102	59	110	0	0	0	0	1					
931	武神殿守护者	仲孙宏远	13	181	18	18	96	81	102	59	110	0	0	0	0	1					
932	武神殿守护者	章忆达	14	181	18	18	96	81	102	59	110	0	0	0	0	1					
933	武神殿守护者	独孤俊誉	15	181	18	18	96	81	102	59	110	0	0	0	0	1					
934	武神殿守护者	严锐精	16	181	18	18	96	81	102	59	110	0	0	0	0	1					
935	武神殿守护者	栾觅云	17	181	18	18	96	81	102	59	110	0	0	0	0	1					
936	武神殿守护者	司马亦旋	18	182	18	18	96	81	102	59	110	0	0	0	0	1					
937	武神殿守护者	段忆雪	1	182	18	18	96	81	102	59	110	0	0	0	0	1					
938	武神殿守护者	穆墨容	2	182	18	18	96	81	102	59	110	0	0	0	0	1					
939	武神殿守护者	沈星火	3	182	18	18	96	81	102	59	110	0	0	0	0	1					
940	武神殿守护者	令狐思枫	4	182	18	18	96	81	102	59	110	0	0	0	0	1					
941	武神殿守护者	慕寒松	5	183	18	18	96	81	102	59	110	0	0	0	0	1					
942	武神殿守护者	贺和光	6	183	18	18	96	81	102	59	110	0	0	0	0	1					
943	武神殿守护者	穆鸿熙	7	183	18	18	96	81	102	59	110	0	0	0	0	1					
944	武神殿守护者	苏弘文	8	183	18	18	96	81	102	59	110	0	0	0	0	1					
945	武神殿守护者	雍嘉赐	9	183	18	18	96	81	102	59	110	0	0	0	0	1					
946	武神殿守护者	伍兴业	10	184	18	18	96	81	102	59	110	0	0	0	0	1					
947	武神殿守护者	邢宜人	11	184	18	18	96	81	102	59	110	0	0	0	0	1					
948	武神殿守护者	姜嘉树	12	184	18	18	96	81	102	59	110	0	0	0	0	1					
949	武神殿守护者	东门思宣	13	184	18	18	96	81	102	59	110	0	0	0	0	1					
950	武神殿守护者	秦雁戮	14	184	18	18	96	81	102	59	110	0	0	0	0	1					
951	武神殿守护者	车映真	15	185	18	18	96	81	102	59	110	0	0	0	0	1					
952	武神殿守护者	罗才良	16	185	18	18	96	81	102	59	110	0	0	0	0	1					
953	武神殿守护者	熊墨云	17	185	18	18	96	81	102	59	110	0	0	0	0	1					
954	武神殿守护者	阎雪容	18	185	18	18	96	81	102	59	110	0	0	0	0	1					
955	武神殿守护者	项奇胜	1	185	18	18	96	81	102	59	110	0	0	0	0	1					
956	武神殿守护者	司鸿秋扇	2	186	18	18	96	81	102	59	110	0	0	0	0	1					
957	武神殿守护者	严以筠	3	186	18	18	96	81	102	59	110	0	0	0	0	1					
958	武神殿守护者	蔡诗丹	4	186	18	18	96	81	102	59	110	0	0	0	0	1					
959	武神殿守护者	龙博瀚	5	186	18	18	96	81	102	59	110	0	0	0	0	1					
960	武神殿守护者	衣访琴	6	186	18	18	96	81	102	59	110	0	0	0	0	1					
961	武神殿守护者	萧和颂	7	187	18	18	96	81	102	59	110	0	0	0	0	1					
962	武神殿守护者	郭和昱	8	187	18	18	96	81	102	59	110	0	0	0	0	1					
963	武神殿守护者	简晓博	9	187	18	18	96	81	102	59	110	0	0	0	0	1					
964	武神殿守护者	宋阳羽	10	187	18	18	96	81	102	59	110	0	0	0	0	1					
965	武神殿守护者	马灵扇	11	187	18	18	96	81	102	59	110	0	0	0	0	1					
966	武神殿守护者	岳敏叡	12	188	18	18	96	81	102	59	110	0	0	0	0	1					
967	武神殿守护者	徐灵松	13	188	18	18	96	81	102	59	110	0	0	0	0	1					
968	武神殿守护者	寇醉柳	14	188	18	18	96	81	102	59	110	0	0	0	0	1					
969	武神殿守护者	司马明轩	15	188	18	18	96	81	102	59	110	0	0	0	0	1					
970	武神殿守护者	叶翰藻	16	188	18	18	96	81	102	59	110	0	0	0	0	1					
971	武神殿守护者	邢俊哲	17	189	18	18	96	81	102	59	110	0	0	0	0	1					
972	武神殿守护者	闾丘坚白	18	189	18	18	96	81	102	59	110	0	0	0	0	1					
973	武神殿守护者	卜祺瑞	1	189	18	18	96	81	102	59	110	0	0	0	0	1					
974	武神殿守护者	林雅健	2	189	18	18	96	81	102	59	110	0	0	0	0	1					
975	武神殿守护者	帅文石	3	189	18	18	96	81	102	59	110	0	0	0	0	1					
976	武神殿守护者	石英睿	4	190	18	18	96	81	102	59	110	0	0	0	0	1					
977	武神殿守护者	司鸿绍钧	5	190	18	18	96	81	102	59	110	0	0	0	0	1					
978	武神殿守护者	周思淼	6	190	18	18	96	81	102	59	110	0	0	0	0	1					
979	武神殿守护者	宇文忆南	7	190	18	18	96	81	102	59	110	0	0	0	0	1					
980	武神殿守护者	司凝连	8	190	18	18	96	81	102	59	110	0	0	0	0	1					
