Index	NpcName	TitleID	NpcTemplateId	WalkNearLength	CanAutoPath	NpcLevel	XPos	YPos	StandDir	Quantity	NpcType	NpcCamp	NpcDroprate	NpcSeriesAuto	NpcSeriesMetal	NpcSeriesWood	NpcSeriesWater	NpcSeriesFire	NpcSeriesEarth	Removewhendeath	ChangeColorScheme
yewai_80_3	鬼面侍卫		1857	50		90	3047	10806	0	-1	0	0		-1	0	0	0	0	0	0	0
yewai_80_3	鬼面侍卫		1857	50		90	3508	11694	0	-1	0	0		-1	0	0	0	0	0	0	0
yewai_80_3	鬼面侍卫		1857	50		90	3855	11227	0	-1	0	0		-1	0	0	0	0	0	0	0
yewai_80_3	鬼面侍卫		1857	50		90	3324	11270	0	-1	0	0		-1	0	0	0	0	0	0	0
yewai_80_3	鬼面侍卫		1857	50		90	3034	11439	0	-1	0	0		-1	0	0	0	0	0	0	0
yewai_80_3	鬼面侍卫		1857	50		90	2788	11304	0	-1	0	0		-1	0	0	0	0	0	0	0
yewai_80_3	鬼面侍卫		1857	50		90	2838	10985	0	-1	0	0		-1	0	0	0	0	0	0	0
yewai_80_3	鬼面侍卫		1857	50		90	3177	11701	0	-1	0	0		-1	0	0	0	0	0	0	0
yewai_80_3	鬼面侍卫		1857	50		90	2819	11628	0	-1	0	0		-1	0	0	0	0	0	0	0
yewai_80_3	鬼面侍卫		1857	50		90	3096	11077	0	-1	0	0		-1	0	0	0	0	0	0	0
yewai_80_3	鬼面侍卫		1857	50		90	3771	11532	0	-1	0	0		-1	0	0	0	0	0	0	0
yewai_80_3	鬼面侍卫		1857	50		90	3334	9241	0	-1	0	0		-1	0	0	0	0	0	0	0
yewai_80_3	鬼面侍卫		1857	50		90	3030	9780	0	-1	0	0		-1	0	0	0	0	0	0	0
yewai_80_3	鬼面侍卫		1857	50		90	3380	9844	0	-1	0	0		-1	0	0	0	0	0	0	0
yewai_80_3	鬼面侍卫		1857	50		90	3422	9009	0	-1	0	0		-1	0	0	0	0	0	0	0
yewai_80_3	鬼面侍卫		1857	50		90	4025	9549	0	-1	0	0		-1	0	0	0	0	0	0	0
yewai_80_3	鬼面侍卫		1857	50		90	3747	9616	0	-1	0	0		-1	0	0	0	0	0	0	0
yewai_80_3	鬼面侍卫		1857	50		90	3570	9439	0	-1	0	0		-1	0	0	0	0	0	0	0
yewai_80_3	鬼面侍卫		1857	50		90	3283	9587	0	-1	0	0		-1	0	0	0	0	0	0	0
yewai_80_3	鬼面侍卫		1857	50		90	3094	9051	0	-1	0	0		-1	0	0	0	0	0	0	0
yewai_80_3	鬼面侍卫		1857	50		90	3797	9030	0	-1	0	0		-1	0	0	0	0	0	0	0
yewai_80_3	鬼面侍卫		1857	50		90	3983	9245	0	-1	0	0		-1	0	0	0	0	0	0	0
yewai_80_3	鬼面侍卫		1857	50		90	3730	9275	0	-1	0	0		-1	0	0	0	0	0	0	0
yewai_80_3	鬼面侍卫		1857	50		90	3738	9844	0	-1	0	0		-1	0	0	0	0	0	0	0
yewai_80_3	鬼面侍卫		1857	50		90	4008	9802	0	-1	0	0		-1	0	0	0	0	0	0	0
yewai_80_3	鬼面侍卫		1857	50		90	3022	9422	0	-1	0	0		-1	0	0	0	0	0	0	0
yewai_80_3	鬼面侍卫		1857	50		90	5443	11291	0	-1	0	0		-1	0	0	0	0	0	0	0
yewai_80_3	鬼面侍卫		1857	50		90	5506	11000	0	-1	0	0		-1	0	0	0	0	0	0	0
yewai_80_3	鬼面侍卫		1857	50		90	6442	11166	0	-1	0	0		-1	0	0	0	0	0	0	0
yewai_80_3	鬼面侍卫		1857	50		90	6522	11484	0	-1	0	0		-1	0	0	0	0	0	0	0
yewai_80_3	鬼面侍卫		1857	50		90	6003	11112	0	-1	0	0		-1	0	0	0	0	0	0	0
yewai_80_3	鬼面侍卫		1857	50		90	5779	11256	0	-1	0	0		-1	0	0	0	0	0	0	0
yewai_80_3	鬼面侍卫		1857	50		90	5376	11565	0	-1	0	0		-1	0	0	0	0	0	0	0
yewai_80_3	鬼面侍卫		1857	50		90	5510	11847	0	-1	0	0		-1	0	0	0	0	0	0	0
yewai_80_3	鬼面侍卫		1857	50		90	6218	11229	0	-1	0	0		-1	0	0	0	0	0	0	0
yewai_80_3	鬼面侍卫		1857	50		90	6303	11520	0	-1	0	0		-1	0	0	0	0	0	0	0
yewai_80_3	鬼面侍卫		1857	50		90	6155	11712	0	-1	0	0		-1	0	0	0	0	0	0	0
yewai_80_3	鬼面侍卫		1857	50		90	6178	11981	0	-1	0	0		-1	0	0	0	0	0	0	0
yewai_80_3	鬼面侍卫		1857	50		90	6066	11444	0	-1	0	0		-1	0	0	0	0	0	0	0
yewai_80_3	鬼面侍卫		1857	50		90	6415	11775	0	-1	0	0		-1	0	0	0	0	0	0	0
yewai_80_3	鬼面侍卫		1857	50		90	5878	11591	0	-1	0	0		-1	0	0	0	0	0	0	0
yewai_80_3	鬼面侍卫		1857	50		90	5654	11511	0	-1	0	0		-1	0	0	0	0	0	0	0
yewai_80_3	鬼面侍卫		1857	50		90	5869	11793	0	-1	0	0		-1	0	0	0	0	0	0	0
yewai_80_3	鬼面侍卫		1857	50		90	5824	11999	0	-1	0	0		-1	0	0	0	0	0	0	0
yewai_80_3	鬼面侍卫		1857	50		90	6232	10970	0	-1	0	0		-1	0	0	0	0	0	0	0
yewai_80_3	鬼面侍卫		1857	50		90	5905	10908	0	-1	0	0		-1	0	0	0	0	0	0	0
yewai_80_3	鬼面侍卫		1857	50		90	5398	9403	0	-1	0	0		-1	0	0	0	0	0	0	0
yewai_80_3	鬼面侍卫		1857	50		90	5450	9019	0	-1	0	0		-1	0	0	0	0	0	0	0
yewai_80_3	鬼面侍卫		1857	50		90	5422	9810	0	-1	0	0		-1	0	0	0	0	0	0	0
yewai_80_3	鬼面侍卫		1857	50		90	5766	8975	0	-1	0	0		-1	0	0	0	0	0	0	0
yewai_80_3	鬼面侍卫		1857	50		90	6130	8999	0	-1	0	0		-1	0	0	0	0	0	0	0
yewai_80_3	鬼面侍卫		1857	50		90	6414	9075	0	-1	0	0		-1	0	0	0	0	0	0	0
yewai_80_3	鬼面侍卫		1857	50		90	6434	9395	0	-1	0	0		-1	0	0	0	0	0	0	0
yewai_80_3	鬼面侍卫		1857	50		90	5642	9623	0	-1	0	0		-1	0	0	0	0	0	0	0
yewai_80_3	鬼面侍卫		1857	50		90	6150	9638	0	-1	0	0		-1	0	0	0	0	0	0	0
yewai_80_3	鬼面侍卫		1857	50		90	6082	9858	0	-1	0	0		-1	0	0	0	0	0	0	0
yewai_80_3	鬼面侍卫		1857	50		90	5678	9239	0	-1	0	0		-1	0	0	0	0	0	0	0
yewai_80_3	鬼面侍卫		1857	50		90	6154	9219	0	-1	0	0		-1	0	0	0	0	0	0	0
yewai_80_3	鬼面侍卫		1857	50		90	5906	9411	0	-1	0	0		-1	0	0	0	0	0	0	0
yewai_80_3	鬼面侍卫		1857	50		90	6402	9722	0	-1	0	0		-1	0	0	0	0	0	0	0
yewai_80_3	鬼面侍卫		1857	50		90	5759	9869	0	-1	0	0		-1	0	0	0	0	0	0	0
yewai_80_3	鬼面侍卫		1857	50		90	7777	12442	0	-1	0	0		-1	0	0	0	0	0	0	0
yewai_80_3	鬼面侍卫		1857	50		90	7357	12062	0	-1	0	0		-1	0	0	0	0	0	0	0
yewai_80_3	鬼面侍卫		1857	50		90	7422	11683	0	-1	0	0		-1	0	0	0	0	0	0	0
yewai_80_3	鬼面侍卫		1857	50		90	7589	12203	0	-1	0	0		-1	0	0	0	0	0	0	0
yewai_80_3	鬼面侍卫		1857	50		90	8066	11928	0	-1	0	0		-1	0	0	0	0	0	0	0
yewai_80_3	鬼面侍卫		1857	50		90	7769	11646	0	-1	0	0		-1	0	0	0	0	0	0	0
yewai_80_3	鬼面侍卫		1857	50		90	8073	11683	0	-1	0	0		-1	0	0	0	0	0	0	0
yewai_80_3	鬼面侍卫		1857	50		90	8330	11697	0	-1	0	0		-1	0	0	0	0	0	0	0
yewai_80_3	鬼面侍卫		1857	50		90	8308	12033	0	-1	0	0		-1	0	0	0	0	0	0	0
yewai_80_3	鬼面侍卫		1857	50		90	7876	12107	0	-1	0	0		-1	0	0	0	0	0	0	0
yewai_80_3	鬼面侍卫		1857	50		90	7437	12396	0	-1	0	0		-1	0	0	0	0	0	0	0
yewai_80_3	鬼面侍卫		1857	50		90	7683	11920	0	-1	0	0		-1	0	0	0	0	0	0	0
yewai_80_3	鬼面侍卫		1857	50		90	7938	12329	0	-1	0	0		-1	0	0	0	0	0	0	0
yewai_80_3	鬼面侍卫		1857	50		90	8328	12333	0	-1	0	0		-1	0	0	0	0	0	0	0
yewai_80_3	鬼面侍卫		1857	50		90	8140	12326	0	-1	0	0		-1	0	0	0	0	0	0	0
yewai_80_3	鬼面侍卫		1857	50		90	7654	10654	0	-1	0	0		-1	0	0	0	0	0	0	0
yewai_80_3	鬼面侍卫		1857	50		90	7989	10705	0	-1	0	0		-1	0	0	0	0	0	0	0
yewai_80_3	鬼面侍卫		1857	50		90	8257	10697	0	-1	0	0		-1	0	0	0	0	0	0	0
yewai_80_3	鬼面侍卫		1857	50		90	8573	9953	0	-1	0	0		-1	0	0	0	0	0	0	0
yewai_80_3	鬼面侍卫		1857	50		90	8235	9895	0	-1	0	0		-1	0	0	0	0	0	0	0
yewai_80_3	鬼面侍卫		1857	50		90	7876	9909	0	-1	0	0		-1	0	0	0	0	0	0	0
yewai_80_3	鬼面侍卫		1857	50		90	7593	10410	0	-1	0	0		-1	0	0	0	0	0	0	0
yewai_80_3	鬼面侍卫		1857	50		90	8341	10145	0	-1	0	0		-1	0	0	0	0	0	0	0
yewai_80_3	鬼面侍卫		1857	50		90	8584	10258	0	-1	0	0		-1	0	0	0	0	0	0	0
yewai_80_3	鬼面侍卫		1857	50		90	7625	10044	0	-1	0	0		-1	0	0	0	0	0	0	0
yewai_80_3	鬼面侍卫		1857	50		90	7861	10171	0	-1	0	0		-1	0	0	0	0	0	0	0
yewai_80_3	鬼面侍卫		1857	50		90	7869	10501	0	-1	0	0		-1	0	0	0	0	0	0	0
yewai_80_3	鬼面侍卫		1857	50		90	8108	10305	0	-1	0	0		-1	0	0	0	0	0	0	0
yewai_80_3	鬼面侍卫		1857	50		90	8312	10483	0	-1	0	0		-1	0	0	0	0	0	0	0
yewai_80_3	鬼面侍卫		1857	50		90	8566	10617	0	-1	0	0		-1	0	0	0	0	0	0	0
yewai_80_3	鬼面侍卫		1857	50		90	9891	11999	0	-1	0	0		-1	0	0	0	0	0	0	0
yewai_80_3	鬼面侍卫		1857	50		90	10701	12480	0	-1	0	0		-1	0	0	0	0	0	0	0
yewai_80_3	鬼面侍卫		1857	50		90	9996	11733	0	-1	0	0		-1	0	0	0	0	0	0	0
yewai_80_3	鬼面侍卫		1857	50		90	10350	11712	0	-1	0	0		-1	0	0	0	0	0	0	0
yewai_80_3	鬼面侍卫		1857	50		90	10730	12083	0	-1	0	0		-1	0	0	0	0	0	0	0
yewai_80_3	鬼面侍卫		1857	50		90	9831	12332	0	-1	0	0		-1	0	0	0	0	0	0	0
yewai_80_3	鬼面侍卫		1857	50		90	10490	12045	0	-1	0	0		-1	0	0	0	0	0	0	0
yewai_80_3	鬼面侍卫		1857	50		90	10456	12471	0	-1	0	0		-1	0	0	0	0	0	0	0
yewai_80_3	鬼面侍卫		1857	50		90	10317	12252	0	-1	0	0		-1	0	0	0	0	0	0	0
yewai_80_3	鬼面侍卫		1857	50		90	10097	12467	0	-1	0	0		-1	0	0	0	0	0	0	0
yewai_80_3	鬼面侍卫		1857	50		90	10152	12037	0	-1	0	0		-1	0	0	0	0	0	0	0
yewai_80_3	鬼面侍卫		1857	50		90	10287	12737	0	-1	0	0		-1	0	0	0	0	0	0	0
yewai_80_3	鬼面侍卫		1857	50		90	10642	11801	0	-1	0	0		-1	0	0	0	0	0	0	0
yewai_80_3	鬼面侍卫		1857	50		90	10608	12708	0	-1	0	0		-1	0	0	0	0	0	0	0
yewai_80_3	鬼面侍卫		1857	50		90	9903	12632	0	-1	0	0		-1	0	0	0	0	0	0	0
yewai_80_3	鬼面侍卫		1857	50		90	10927	10727	0	-1	0	0		-1	0	0	0	0	0	0	0
yewai_80_3	鬼面侍卫		1857	50		90	11360	10717	0	-1	0	0		-1	0	0	0	0	0	0	0
yewai_80_3	鬼面侍卫		1857	50		90	11604	10463	0	-1	0	0		-1	0	0	0	0	0	0	0
yewai_80_3	鬼面侍卫		1857	50		90	10927	10405	0	-1	0	0		-1	0	0	0	0	0	0	0
yewai_80_3	鬼面侍卫		1857	50		90	11619	10046	0	-1	0	0		-1	0	0	0	0	0	0	0
yewai_80_3	鬼面侍卫		1857	50		90	12407	11748	0	-1	0	0		-1	0	0	0	0	0	0	0
yewai_80_3	鬼面侍卫		1857	50		90	12100	12434	0	-1	0	0		-1	0	0	0	0	0	0	0
yewai_80_3	鬼面侍卫		1857	50		90	12948	10669	0	-1	0	0		-1	0	0	0	0	0	0	0
yewai_80_3	鬼面侍卫		1857	50		90	12578	10244	0	-1	0	0		-1	0	0	0	0	0	0	0
yewai_80_3	鬼面侍卫		1857	50		90	12588	9912	0	-1	0	0		-1	0	0	0	0	0	0	0
yewai_80_3	鬼面侍卫		1857	50		90	12835	9898	0	-1	0	0		-1	0	0	0	0	0	0	0
yewai_80_3	鬼面侍卫		1857	50		90	12812	10375	0	-1	0	0		-1	0	0	0	0	0	0	0
yewai_80_3	鬼面侍卫		1857	50		90	12667	9632	0	-1	0	0		-1	0	0	0	0	0	0	0
yewai_80_3	鬼面侍卫		1857	50		90	13466	10370	0	-1	0	0		-1	0	0	0	0	0	0	0
yewai_80_3	鬼面侍卫		1857	50		90	13471	10076	0	-1	0	0		-1	0	0	0	0	0	0	0
yewai_80_3	鬼面侍卫		1857	50		90	13048	9656	0	-1	0	0		-1	0	0	0	0	0	0	0
yewai_80_3	鬼面侍卫		1857	50		90	13406	9713	0	-1	0	0		-1	0	0	0	0	0	0	0
yewai_80_3	鬼面侍卫		1857	50		90	13271	9936	0	-1	0	0		-1	0	0	0	0	0	0	0
yewai_80_3	鬼面侍卫		1857	50		90	13014	10136	0	-1	0	0		-1	0	0	0	0	0	0	0
yewai_80_3	鬼面侍卫		1857	50		90	13244	10362	0	-1	0	0		-1	0	0	0	0	0	0	0
yewai_80_3	鬼面侍卫		1857	50		90	13335	10663	0	-1	0	0		-1	0	0	0	0	0	0	0
yewai_80_3	鬼面侍卫		1857	50		90	9329	8135	0	-1	0	0		-1	0	0	0	0	0	0	0
yewai_80_3	鬼面侍卫		1857	50		90	9833	8299	0	-1	0	0		-1	0	0	0	0	0	0	0
yewai_80_3	鬼面侍卫		1857	50		90	9907	8597	0	-1	0	0		-1	0	0	0	0	0	0	0
yewai_80_3	鬼面侍卫		1857	50		90	9594	9145	0	-1	0	0		-1	0	0	0	0	0	0	0
yewai_80_3	鬼面侍卫		1857	50		90	8952	8392	0	-1	0	0		-1	0	0	0	0	0	0	0
yewai_80_3	鬼面侍卫		1857	50		90	9014	8981	0	-1	0	0		-1	0	0	0	0	0	0	0
yewai_80_3	鬼面侍卫		1857	50		90	9271	9149	0	-1	0	0		-1	0	0	0	0	0	0	0
yewai_80_3	鬼面侍卫		1857	50		90	9264	8400	0	-1	0	0		-1	0	0	0	0	0	0	0
yewai_80_3	鬼面侍卫		1857	50		90	9442	8639	0	-1	0	0		-1	0	0	0	0	0	0	0
yewai_80_3	鬼面侍卫		1857	50		90	9649	8835	0	-1	0	0		-1	0	0	0	0	0	0	0
yewai_80_3	鬼面侍卫		1857	50		90	9878	8992	0	-1	0	0		-1	0	0	0	0	0	0	0
yewai_80_3	鬼面侍卫		1857	50		90	9246	8834	0	-1	0	0		-1	0	0	0	0	0	0	0
yewai_80_3	鬼面侍卫		1857	50		90	9671	8476	0	-1	0	0		-1	0	0	0	0	0	0	0
yewai_80_3	鬼面侍卫		1857	50		90	9633	8148	0	-1	0	0		-1	0	0	0	0	0	0	0
yewai_80_3	鬼面侍卫		1857	50		90	8935	8674	0	-1	0	0		-1	0	0	0	0	0	0	0
yewai_80_3	鬼面侍卫		1857	50		90	10667	10562	0	-1	0	0		-1	0	0	0	0	0	0	0
yewai_80_3	鬼面侍卫		1857	50		90	10636	10167	0	-1	0	0		-1	0	0	0	0	0	0	0
yewai_80_3	鬼面侍卫		1857	50		90	10608	9806	0	-1	0	0		-1	0	0	0	0	0	0	0
yewai_80_3	鬼面侍卫		1857	50		90	11265	9621	0	-1	0	0		-1	0	0	0	0	0	0	0
yewai_80_3	鬼面侍卫		1857	50		90	10881	9621	0	-1	0	0		-1	0	0	0	0	0	0	0
yewai_80_3	鬼面侍卫		1857	50		90	10941	9945	0	-1	0	0		-1	0	0	0	0	0	0	0
yewai_80_3	鬼面侍卫		1857	50		90	11159	10204	0	-1	0	0		-1	0	0	0	0	0	0	0
yewai_80_3	鬼面侍卫		1857	50		90	11353	10431	0	-1	0	0		-1	0	0	0	0	0	0	0
yewai_80_3	鬼面侍卫		1857	50		90	11330	9927	0	-1	0	0		-1	0	0	0	0	0	0	0
yewai_80_3	鬼面侍卫		1857	50		90	11594	9700	0	-1	0	0		-1	0	0	0	0	0	0	0
yewai_80_3	鬼面侍卫		1857	50		90	12654	10598	0	-1	0	0		-1	0	0	0	0	0	0	0
yewai_80_3	鬼面侍卫		1857	50		90	11157	7891	0	-1	0	0		-1	0	0	0	0	0	0	0
yewai_80_3	鬼面侍卫		1857	50		90	12134	7937	0	-1	0	0		-1	0	0	0	0	0	0	0
yewai_80_3	鬼面侍卫		1857	50		90	12088	7701	0	-1	0	0		-1	0	0	0	0	0	0	0
yewai_80_3	鬼面侍卫		1857	50		90	11281	8207	0	-1	0	0		-1	0	0	0	0	0	0	0
yewai_80_3	鬼面侍卫		1857	50		90	11695	8320	0	-1	0	0		-1	0	0	0	0	0	0	0
yewai_80_3	鬼面侍卫		1857	50		90	12047	8247	0	-1	0	0		-1	0	0	0	0	0	0	0
yewai_80_3	鬼面侍卫		1857	50		90	11144	7558	0	-1	0	0		-1	0	0	0	0	0	0	0
yewai_80_3	鬼面侍卫		1857	50		90	11391	7331	0	-1	0	0		-1	0	0	0	0	0	0	0
yewai_80_3	鬼面侍卫		1857	50		90	11691	7299	0	-1	0	0		-1	0	0	0	0	0	0	0
yewai_80_3	鬼面侍卫		1857	50		90	11950	7360	0	-1	0	0		-1	0	0	0	0	0	0	0
yewai_80_3	鬼面侍卫		1857	50		90	11897	8061	0	-1	0	0		-1	0	0	0	0	0	0	0
yewai_80_3	鬼面侍卫		1857	50		90	11674	7870	0	-1	0	0		-1	0	0	0	0	0	0	0
yewai_80_3	鬼面侍卫		1857	50		90	11845	7591	0	-1	0	0		-1	0	0	0	0	0	0	0
yewai_80_3	鬼面侍卫		1857	50		90	11427	7587	0	-1	0	0		-1	0	0	0	0	0	0	0
yewai_80_3	鬼面侍卫		1857	50		90	11435	8004	0	-1	0	0		-1	0	0	0	0	0	0	0
yewai_80_3	鬼面侍卫		1857	50		90	3707	10922	0	-1	0	0		-1	0	0	0	0	0	0	0
yewai_80_3	鬼面侍卫		1857	50		90	3410	10861	0	-1	0	0		-1	0	0	0	0	0	0	0
yewai_80_3	鬼面侍卫		1857	50		90	3501	11477	0	-1	0	0		-1	0	0	0	0	0	0	0
yewai_80_3	鬼面侍卫		1857	50		90	3570	11137	0	-1	0	0		-1	0	0	0	0	0	0	0
yewai_80_3	鬼面侍卫		1857	50		90	12169	12713	0	-1	0	0		-1	0	0	0	0	0	0	0
yewai_80_3	鬼面侍卫		1857	50		90	13045	12687	0	-1	0	0		-1	0	0	0	0	0	0	0
yewai_80_3	鬼面侍卫		1857	50		90	12930	12301	0	-1	0	0		-1	0	0	0	0	0	0	0
yewai_80_3	鬼面侍卫		1857	50		90	13153	12182	0	-1	0	0		-1	0	0	0	0	0	0	0
yewai_80_3	鬼面侍卫		1857	50		90	13093	11933	0	-1	0	0		-1	0	0	0	0	0	0	0
yewai_80_3	鬼面侍卫		1857	50		90	12963	11755	0	-1	0	0		-1	0	0	0	0	0	0	0
yewai_80_3	鬼面侍卫		1857	50		90	12689	11800	0	-1	0	0		-1	0	0	0	0	0	0	0
yewai_80_3	鬼面侍卫		1857	50		90	12815	12022	0	-1	0	0		-1	0	0	0	0	0	0	0
yewai_80_3	鬼面侍卫		1857	50		90	12644	12256	0	-1	0	0		-1	0	0	0	0	0	0	0
yewai_80_3	鬼面侍卫		1857	50		90	13128	12481	0	-1	0	0		-1	0	0	0	0	0	0	0
yewai_80_3	鬼面侍卫		1857	50		90	12122	11856	0	-1	0	0		-1	0	0	0	0	0	0	0
yewai_80_3	鬼面侍卫		1857	50		90	12034	12163	0	-1	0	0		-1	0	0	0	0	0	0	0
yewai_80_3	鬼面侍卫		1857	50		90	12495	12788	0	-1	0	0		-1	0	0	0	0	0	0	0
yewai_80_3	鬼面侍卫		1857	50		90	12824	12762	0	-1	0	0		-1	0	0	0	0	0	0	0
yewai_80_3	鬼面侍卫		1857	50		90	12809	12550	0	-1	0	0		-1	0	0	0	0	0	0	0
yewai_80_3	鬼面侍卫		1857	50		90	12491	12554	0	-1	0	0		-1	0	0	0	0	0	0	0
yewai_80_3	鬼面侍卫		1857	50		90	12320	12353	0	-1	0	0		-1	0	0	0	0	0	0	0
yewai_80_3	鬼面侍卫		1857	50		90	12437	12093	0	-1	0	0		-1	0	0	0	0	0	0	0
yewai_80_4	市井之徒		1858	50		90	4265	8017	0	-1	0	0		-1	0	0	0	0	0	0	0
yewai_80_4	市井之徒		1858	50		90	3964	7556	0	-1	0	0		-1	0	0	0	0	0	0	0
yewai_80_4	市井之徒		1858	50		90	3999	7880	0	-1	0	0		-1	0	0	0	0	0	0	0
yewai_80_4	市井之徒		1858	50		90	4132	7256	0	-1	0	0		-1	0	0	0	0	0	0	0
yewai_80_4	市井之徒		1858	50		90	4448	7213	0	-1	0	0		-1	0	0	0	0	0	0	0
yewai_80_4	市井之徒		1858	50		90	5025	7412	0	-1	0	0		-1	0	0	0	0	0	0	0
yewai_80_4	市井之徒		1858	50		90	4588	8044	0	-1	0	0		-1	0	0	0	0	0	0	0
yewai_80_4	市井之徒		1858	50		90	4284	7783	0	-1	0	0		-1	0	0	0	0	0	0	0
yewai_80_4	市井之徒		1858	50		90	4315	7478	0	-1	0	0		-1	0	0	0	0	0	0	0
yewai_80_4	市井之徒		1858	50		90	4526	7662	0	-1	0	0		-1	0	0	0	0	0	0	0
yewai_80_4	市井之徒		1858	50		90	4756	7802	0	-1	0	0		-1	0	0	0	0	0	0	0
yewai_80_4	市井之徒		1858	50		90	4893	7978	0	-1	0	0		-1	0	0	0	0	0	0	0
yewai_80_4	市井之徒		1858	50		90	4990	7728	0	-1	0	0		-1	0	0	0	0	0	0	0
yewai_80_4	市井之徒		1858	50		90	4694	7459	0	-1	0	0		-1	0	0	0	0	0	0	0
yewai_80_4	市井之徒		1858	50		90	4811	7248	0	-1	0	0		-1	0	0	0	0	0	0	0
yewai_80_4	市井之徒		1858	50		90	3387	6274	0	-1	0	0		-1	0	0	0	0	0	0	0
yewai_80_4	市井之徒		1858	50		90	3687	6297	0	-1	0	0		-1	0	0	0	0	0	0	0
yewai_80_4	市井之徒		1858	50		90	3245	5587	0	-1	0	0		-1	0	0	0	0	0	0	0
yewai_80_4	市井之徒		1858	50		90	3486	5544	0	-1	0	0		-1	0	0	0	0	0	0	0
yewai_80_4	市井之徒		1858	50		90	3780	5604	0	-1	0	0		-1	0	0	0	0	0	0	0
yewai_80_4	市井之徒		1858	50		90	3374	6033	0	-1	0	0		-1	0	0	0	0	0	0	0
yewai_80_4	市井之徒		1858	50		90	3443	5772	0	-1	0	0		-1	0	0	0	0	0	0	0
yewai_80_4	市井之徒		1858	50		90	3634	5954	0	-1	0	0		-1	0	0	0	0	0	0	0
yewai_80_4	市井之徒		1858	50		90	3806	5825	0	-1	0	0		-1	0	0	0	0	0	0	0
yewai_80_4	市井之徒		1858	50		90	3799	6105	0	-1	0	0		-1	0	0	0	0	0	0	0
yewai_80_4	市井之徒		1858	50		90	3181	6109	0	-1	0	0		-1	0	0	0	0	0	0	0
yewai_80_4	市井之徒		1858	50		90	3154	5842	0	-1	0	0		-1	0	0	0	0	0	0	0
yewai_80_4	市井之徒		1858	50		90	3965	6224	0	-1	0	0		-1	0	0	0	0	0	0	0
yewai_80_4	市井之徒		1858	50		90	4061	5966	0	-1	0	0		-1	0	0	0	0	0	0	0
yewai_80_4	市井之徒		1858	50		90	4051	5717	0	-1	0	0		-1	0	0	0	0	0	0	0
yewai_80_4	市井之徒		1858	50		90	5831	4589	0	-1	0	0		-1	0	0	0	0	0	0	0
yewai_80_4	市井之徒		1858	50		90	5449	4632	0	-1	0	0		-1	0	0	0	0	0	0	0
yewai_80_4	市井之徒		1858	50		90	5335	4944	0	-1	0	0		-1	0	0	0	0	0	0	0
yewai_80_4	市井之徒		1858	50		90	5638	4852	0	-1	0	0		-1	0	0	0	0	0	0	0
yewai_80_4	市井之徒		1858	50		90	5367	5255	0	-1	0	0		-1	0	0	0	0	0	0	0
yewai_80_4	市井之徒		1858	50		90	5824	5062	0	-1	0	0		-1	0	0	0	0	0	0	0
yewai_80_4	市井之徒		1858	50		90	5825	5547	0	-1	0	0		-1	0	0	0	0	0	0	0
yewai_80_4	市井之徒		1858	50		90	6174	5497	0	-1	0	0		-1	0	0	0	0	0	0	0
yewai_80_4	市井之徒		1858	50		90	6193	4605	0	-1	0	0		-1	0	0	0	0	0	0	0
yewai_80_4	市井之徒		1858	50		90	6251	5210	0	-1	0	0		-1	0	0	0	0	0	0	0
yewai_80_4	市井之徒		1858	50		90	5484	5511	0	-1	0	0		-1	0	0	0	0	0	0	0
yewai_80_4	市井之徒		1858	50		90	5995	5293	0	-1	0	0		-1	0	0	0	0	0	0	0
yewai_80_4	市井之徒		1858	50		90	5631	5269	0	-1	0	0		-1	0	0	0	0	0	0	0
yewai_80_4	市井之徒		1858	50		90	5991	4873	0	-1	0	0		-1	0	0	0	0	0	0	0
yewai_80_4	市井之徒		1858	50		90	6249	4892	0	-1	0	0		-1	0	0	0	0	0	0	0
yewai_80_4	市井之徒		1858	50		90	6899	3573	0	-1	0	0		-1	0	0	0	0	0	0	0
yewai_80_4	市井之徒		1858	50		90	6807	3344	0	-1	0	0		-1	0	0	0	0	0	0	0
yewai_80_4	市井之徒		1858	50		90	6604	2849	0	-1	0	0		-1	0	0	0	0	0	0	0
yewai_80_4	市井之徒		1858	50		90	7237	3029	0	-1	0	0		-1	0	0	0	0	0	0	0
yewai_80_4	市井之徒		1858	50		90	7461	3474	0	-1	0	0		-1	0	0	0	0	0	0	0
yewai_80_4	市井之徒		1858	50		90	6597	3470	0	-1	0	0		-1	0	0	0	0	0	0	0
yewai_80_4	市井之徒		1858	50		90	6572	3163	0	-1	0	0		-1	0	0	0	0	0	0	0
yewai_80_4	市井之徒		1858	50		90	6904	2820	0	-1	0	0		-1	0	0	0	0	0	0	0
yewai_80_4	市井之徒		1858	50		90	6825	3048	0	-1	0	0		-1	0	0	0	0	0	0	0
yewai_80_4	市井之徒		1858	50		90	7948	4503	0	-1	0	0		-1	0	0	0	0	0	0	0
yewai_80_4	市井之徒		1858	50		90	7749	5259	0	-1	0	0		-1	0	0	0	0	0	0	0
yewai_80_4	市井之徒		1858	50		90	7665	4990	0	-1	0	0		-1	0	0	0	0	0	0	0
yewai_80_4	市井之徒		1858	50		90	7696	4660	0	-1	0	0		-1	0	0	0	0	0	0	0
yewai_80_4	市井之徒		1858	50		90	8295	4533	0	-1	0	0		-1	0	0	0	0	0	0	0
yewai_80_4	市井之徒		1858	50		90	8603	4582	0	-1	0	0		-1	0	0	0	0	0	0	0
yewai_80_4	市井之徒		1858	50		90	8004	5148	0	-1	0	0		-1	0	0	0	0	0	0	0
yewai_80_4	市井之徒		1858	50		90	7992	4772	0	-1	0	0		-1	0	0	0	0	0	0	0
yewai_80_4	市井之徒		1858	50		90	10267	6150	0	-1	0	0		-1	0	0	0	0	0	0	0
yewai_80_4	市井之徒		1858	50		90	10658	6108	0	-1	0	0		-1	0	0	0	0	0	0	0
yewai_80_4	市井之徒		1858	50		90	10747	5775	0	-1	0	0		-1	0	0	0	0	0	0	0
yewai_80_4	市井之徒		1858	50		90	9899	6081	0	-1	0	0		-1	0	0	0	0	0	0	0
yewai_80_4	市井之徒		1858	50		90	9868	5415	0	-1	0	0		-1	0	0	0	0	0	0	0
yewai_80_4	市井之徒		1858	50		90	10654	5187	0	-1	0	0		-1	0	0	0	0	0	0	0
yewai_80_4	市井之徒		1858	50		90	10112	5860	0	-1	0	0		-1	0	0	0	0	0	0	0
yewai_80_4	市井之徒		1858	50		90	10480	5868	0	-1	0	0		-1	0	0	0	0	0	0	0
yewai_80_4	市井之徒		1858	50		90	10019	5132	0	-1	0	0		-1	0	0	0	0	0	0	0
yewai_80_4	市井之徒		1858	50		90	10352	5113	0	-1	0	0		-1	0	0	0	0	0	0	0
yewai_80_4	市井之徒		1858	50		90	10523	5450	0	-1	0	0		-1	0	0	0	0	0	0	0
yewai_80_4	市井之徒		1858	50		90	10755	5469	0	-1	0	0		-1	0	0	0	0	0	0	0
yewai_80_4	市井之徒		1858	50		90	9849	5759	0	-1	0	0		-1	0	0	0	0	0	0	0
yewai_80_4	市井之徒		1858	50		90	10124	5407	0	-1	0	0		-1	0	0	0	0	0	0	0
yewai_80_4	市井之徒		1858	50		90	10321	5635	0	-1	0	0		-1	0	0	0	0	0	0	0
yewai_80_4	市井之徒		1858	50		90	11630	5490	0	-1	0	0		-1	0	0	0	0	0	0	0
yewai_80_4	市井之徒		1858	50		90	11924	5457	0	-1	0	0		-1	0	0	0	0	0	0	0
yewai_80_4	市井之徒		1858	50		90	11642	5772	0	-1	0	0		-1	0	0	0	0	0	0	0
yewai_80_4	市井之徒		1858	50		90	12107	6211	0	-1	0	0		-1	0	0	0	0	0	0	0
yewai_80_4	市井之徒		1858	50		90	11904	5942	0	-1	0	0		-1	0	0	0	0	0	0	0
yewai_80_4	市井之徒		1858	50		90	12293	5888	0	-1	0	0		-1	0	0	0	0	0	0	0
yewai_80_4	市井之徒		1858	50		90	12397	6078	0	-1	0	0		-1	0	0	0	0	0	0	0
yewai_80_4	市井之徒		1858	50		90	12544	5814	0	-1	0	0		-1	0	0	0	0	0	0	0
yewai_80_4	市井之徒		1858	50		90	12272	5481	0	-1	0	0		-1	0	0	0	0	0	0	0
yewai_80_4	市井之徒		1858	50		90	12103	5730	0	-1	0	0		-1	0	0	0	0	0	0	0
yewai_80_4	市井之徒		1858	50		90	12540	5546	0	-1	0	0		-1	0	0	0	0	0	0	0
yewai_80_4	市井之徒		1858	50		90	12328	5193	0	-1	0	0		-1	0	0	0	0	0	0	0
yewai_80_4	市井之徒		1858	50		90	12015	5177	0	-1	0	0		-1	0	0	0	0	0	0	0
yewai_80_4	市井之徒		1858	50		90	11703	5217	0	-1	0	0		-1	0	0	0	0	0	0	0
yewai_80_4	市井之徒		1858	50		90	11763	6115	0	-1	0	0		-1	0	0	0	0	0	0	0
yewai_80_4	市井之徒		1858	50		90	8426	5442	0	-1	0	0		-1	0	0	0	0	0	0	0
yewai_80_4	市井之徒		1858	50		90	8101	5422	0	-1	0	0		-1	0	0	0	0	0	0	0
yewai_80_4	市井之徒		1858	50		90	8726	5257	0	-1	0	0		-1	0	0	0	0	0	0	0
yewai_80_4	市井之徒		1858	50		90	8726	4875	0	-1	0	0		-1	0	0	0	0	0	0	0
yewai_80_4	市井之徒		1858	50		90	8483	4797	0	-1	0	0		-1	0	0	0	0	0	0	0
yewai_80_4	市井之徒		1858	50		90	8467	5196	0	-1	0	0		-1	0	0	0	0	0	0	0
yewai_80_4	市井之徒		1858	50		90	8270	5003	0	-1	0	0		-1	0	0	0	0	0	0	0
yewai_80_4	市井之徒		1858	50		90	7214	3593	0	-1	0	0		-1	0	0	0	0	0	0	0
yewai_80_4	市井之徒		1858	50		90	7046	3217	0	-1	0	0		-1	0	0	0	0	0	0	0
yewai_80_4	市井之徒		1858	50		90	7249	3372	0	-1	0	0		-1	0	0	0	0	0	0	0
yewai_80_4	市井之徒		1858	50		90	7236	2810	0	-1	0	0		-1	0	0	0	0	0	0	0
yewai_80_4	市井之徒		1858	50		90	7488	2907	0	-1	0	0		-1	0	0	0	0	0	0	0
yewai_80_4	市井之徒		1858	50		90	7519	3186	0	-1	0	0		-1	0	0	0	0	0	0	0
yewai_80_4	市井之徒		1858	50		90	9842	3266	0	-1	0	0		-1	0	0	0	0	0	0	0
yewai_80_4	市井之徒		1858	50		90	9002	2952	0	-1	0	0		-1	0	0	0	0	0	0	0
yewai_80_4	市井之徒		1858	50		90	8953	3239	0	-1	0	0		-1	0	0	0	0	0	0	0
yewai_80_4	市井之徒		1858	50		90	9608	3633	0	-1	0	0		-1	0	0	0	0	0	0	0
yewai_80_4	市井之徒		1858	50		90	8966	3546	0	-1	0	0		-1	0	0	0	0	0	0	0
yewai_80_4	市井之徒		1858	50		90	9839	3604	0	-1	0	0		-1	0	0	0	0	0	0	0
yewai_80_4	市井之徒		1858	50		90	9075	3830	0	-1	0	0		-1	0	0	0	0	0	0	0
yewai_80_4	市井之徒		1858	50		90	9248	3606	0	-1	0	0		-1	0	0	0	0	0	0	0
yewai_80_4	市井之徒		1858	50		90	9417	3408	0	-1	0	0		-1	0	0	0	0	0	0	0
yewai_80_4	市井之徒		1858	50		90	9241	3173	0	-1	0	0		-1	0	0	0	0	0	0	0
yewai_80_4	市井之徒		1858	50		90	9432	3889	0	-1	0	0		-1	0	0	0	0	0	0	0
yewai_80_4	市井之徒		1858	50		90	9354	2875	0	-1	0	0		-1	0	0	0	0	0	0	0
yewai_80_4	市井之徒		1858	50		90	9744	3867	0	-1	0	0		-1	0	0	0	0	0	0	0
yewai_80_4	市井之徒		1858	50		90	9707	2937	0	-1	0	0		-1	0	0	0	0	0	0	0
yewai_80_4	市井之徒		1858	50		90	9578	3173	0	-1	0	0		-1	0	0	0	0	0	0	0
yewai_80_4	市井之徒		1858	50		90	11958	2838	0	-1	0	0		-1	0	0	0	0	0	0	0
yewai_80_4	市井之徒		1858	50		90	11489	2364	0	-1	0	0		-1	0	0	0	0	0	0	0
yewai_80_4	市井之徒		1858	50		90	11003	2611	0	-1	0	0		-1	0	0	0	0	0	0	0
yewai_80_4	市井之徒		1858	50		90	11104	2281	0	-1	0	0		-1	0	0	0	0	0	0	0
yewai_80_4	市井之徒		1858	50		90	11369	2135	0	-1	0	0		-1	0	0	0	0	0	0	0
yewai_80_4	市井之徒		1858	50		90	11785	2135	0	-1	0	0		-1	0	0	0	0	0	0	0
yewai_80_4	市井之徒		1858	50		90	12119	3104	0	-1	0	0		-1	0	0	0	0	0	0	0
yewai_80_4	市井之徒		1858	50		90	11053	2940	0	-1	0	0		-1	0	0	0	0	0	0	0
yewai_80_4	市井之徒		1858	50		90	11286	3223	0	-1	0	0		-1	0	0	0	0	0	0	0
yewai_80_4	市井之徒		1858	50		90	11735	3072	0	-1	0	0		-1	0	0	0	0	0	0	0
yewai_80_4	市井之徒		1858	50		90	11405	2944	0	-1	0	0		-1	0	0	0	0	0	0	0
yewai_80_4	市井之徒		1858	50		90	11296	2620	0	-1	0	0		-1	0	0	0	0	0	0	0
yewai_80_4	市井之徒		1858	50		90	12159	2232	0	-1	0	0		-1	0	0	0	0	0	0	0
yewai_80_4	市井之徒		1858	50		90	12269	2514	0	-1	0	0		-1	0	0	0	0	0	0	0
yewai_80_4	市井之徒		1858	50		90	12256	2872	0	-1	0	0		-1	0	0	0	0	0	0	0
yewai_80_4	市井之徒		1858	50		90	11599	3322	0	-1	0	0		-1	0	0	0	0	0	0	0
yewai_80_4	市井之徒		1858	50		90	11915	3293	0	-1	0	0		-1	0	0	0	0	0	0	0
yewai_80_4	市井之徒		1858	50		90	12029	2556	0	-1	0	0		-1	0	0	0	0	0	0	0
yewai_80_4	市井之徒		1858	50		90	11831	2413	0	-1	0	0		-1	0	0	0	0	0	0	0
yewai_80_4	市井之徒		1858	50		90	11667	2724	0	-1	0	0		-1	0	0	0	0	0	0	0
yewai_80_4	市井之徒		1858	50		90	3438	3993	0	-1	0	0		-1	0	0	0	0	0	0	0
yewai_80_4	市井之徒		1858	50		90	3518	4364	0	-1	0	0		-1	0	0	0	0	0	0	0
yewai_80_4	市井之徒		1858	50		90	4189	4444	0	-1	0	0		-1	0	0	0	0	0	0	0
yewai_80_4	市井之徒		1858	50		90	4424	4306	0	-1	0	0		-1	0	0	0	0	0	0	0
yewai_80_4	市井之徒		1858	50		90	3824	3632	0	-1	0	0		-1	0	0	0	0	0	0	0
yewai_80_4	市井之徒		1858	50		90	4143	3632	0	-1	0	0		-1	0	0	0	0	0	0	0
yewai_80_4	市井之徒		1858	50		90	3523	3658	0	-1	0	0		-1	0	0	0	0	0	0	0
yewai_80_4	市井之徒		1858	50		90	4418	3661	0	-1	0	0		-1	0	0	0	0	0	0	0
yewai_80_4	市井之徒		1858	50		90	4446	4016	0	-1	0	0		-1	0	0	0	0	0	0	0
yewai_80_4	市井之徒		1858	50		90	3850	4438	0	-1	0	0		-1	0	0	0	0	0	0	0
yewai_80_4	市井之徒		1858	50		90	4253	3842	0	-1	0	0		-1	0	0	0	0	0	0	0
yewai_80_4	市井之徒		1858	50		90	4240	4223	0	-1	0	0		-1	0	0	0	0	0	0	0
yewai_80_4	市井之徒		1858	50		90	4021	4061	0	-1	0	0		-1	0	0	0	0	0	0	0
yewai_80_4	市井之徒		1858	50		90	3793	3848	0	-1	0	0		-1	0	0	0	0	0	0	0
yewai_80_4	市井之徒		1858	50		90	3774	4200	0	-1	0	0		-1	0	0	0	0	0	0	0
yewai_80_4	市井之徒		1858	50		90	2785	2539	0	-1	0	0		-1	0	0	0	0	0	0	0
yewai_80_4	市井之徒		1858	50		90	3486	1807	0	-1	0	0		-1	0	0	0	0	0	0	0
yewai_80_4	市井之徒		1858	50		90	2754	2236	0	-1	0	0		-1	0	0	0	0	0	0	0
yewai_80_4	市井之徒		1858	50		90	3015	2434	0	-1	0	0		-1	0	0	0	0	0	0	0
yewai_80_4	市井之徒		1858	50		90	3440	2664	0	-1	0	0		-1	0	0	0	0	0	0	0
yewai_80_4	市井之徒		1858	50		90	3506	2468	0	-1	0	0		-1	0	0	0	0	0	0	0
yewai_80_4	市井之徒		1858	50		90	3080	2653	0	-1	0	0		-1	0	0	0	0	0	0	0
yewai_80_4	市井之徒		1858	50		90	2842	1934	0	-1	0	0		-1	0	0	0	0	0	0	0
yewai_80_4	市井之徒		1858	50		90	3176	1822	0	-1	0	0		-1	0	0	0	0	0	0	0
yewai_80_4	市井之徒		1858	50		90	3468	2057	0	-1	0	0		-1	0	0	0	0	0	0	0
yewai_80_4	市井之徒		1858	50		90	3064	2078	0	-1	0	0		-1	0	0	0	0	0	0	0
yewai_80_4	市井之徒		1858	50		90	3282	2258	0	-1	0	0		-1	0	0	0	0	0	0	0
yewai_80_4	市井之徒		1858	50		90	3700	2576	0	-1	0	0		-1	0	0	0	0	0	0	0
yewai_80_4	市井之徒		1858	50		90	3693	2251	0	-1	0	0		-1	0	0	0	0	0	0	0
yewai_80_4	市井之徒		1858	50		90	3693	1943	0	-1	0	0		-1	0	0	0	0	0	0	0
