GroupID	NpcID	Desc	NpcLevel	PosX	PosY	Rate	SoulStoneID	PlayerAwardID	ValueParam	KinItemAwardID	MJSoulStoneID	IsFalse	Mask	OpenTrap	LingPai	CalcValueType
1	1602	寒玉鹿王	20	13393	4202	1		1								
1	1602	寒玉鹿王	20	12320	4269	1		1								
1	1602	寒玉鹿王	20	11142	4449	1		1								
2	1602	寒玉鹿王	20	10434	5114	1		1								
2	1602	寒玉鹿王	20	8828	4855	1		1								
2	1602	寒玉鹿王	20	7753	4287	1		1								
3	1602	寒玉鹿王	20	13040	6251	1		1								
3	1602	寒玉鹿王	20	12076	7510	1		1								
3	1602	寒玉鹿王	20	16091	8227	1		1								
4	1602	寒玉鹿王	20	12953	8832	1		1								
4	1602	寒玉鹿王	20	12530	10516	1		1								
4	1602	寒玉鹿王	20	10868	10841	1		1								
5	1602	寒玉鹿王	20	13625	11407	1		1								
5	1602	寒玉鹿王	20	11688	13972	1		1								
5	1602	寒玉鹿王	20	9850	13252	1		1								
6	1602	寒玉鹿王	20	9291	10465	1		1								
6	1602	寒玉鹿王	20	7335	12774	1		1								
6	1602	寒玉鹿王	20	3874	12250	1		1								
7	1602	寒玉鹿王	20	5709	10721	1		1								
7	1602	寒玉鹿王	20	2857	9263	1		1								
7	1602	寒玉鹿王	20	4608	8165	1		1								
8	1602	寒玉鹿王	20	6082	5983	1		1								
8	1602	寒玉鹿王	20	4674	3757	1		1								
8	1602	寒玉鹿王	20	4610	6214	1		1								
9	1603	大地狼王	20	12435	4096	1		2								
9	1603	大地狼王	20	13406	4222	1		2								
9	1603	大地狼王	20	13173	5953	1		2								
10	1603	大地狼王	20	13068	7853	1		2								
10	1603	大地狼王	20	12899	9711	1		2								
10	1603	大地狼王	20	12097	10576	1		2								
11	1603	大地狼王	20	11865	11484	1		2								
11	1603	大地狼王	20	12625	12117	1		2								
11	1603	大地狼王	20	11189	13383	1		2								
12	1603	大地狼王	20	10830	12307	1		2								
12	1603	大地狼王	20	9669	10998	1		2								
12	1603	大地狼王	20	9479	12054	1		2								
13	1603	大地狼王	20	7580	13088	1		2								
13	1603	大地狼王	20	5511	12581	1		2								
13	1603	大地狼王	20	7094	11336	1		2								
14	1603	大地狼王	20	5004	9521	1		2								
14	1603	大地狼王	20	5954	9626	1		2								
14	1603	大地狼王	20	5490	8254	1		2								
15	1603	大地狼王	20	5047	7431	1		2								
15	1603	大地狼王	20	7685	7621	1		2								
15	1603	大地狼王	20	7706	6460	1		2								
16	1603	大地狼王	20	8888	5046	1		2								
16	1603	大地狼王	20	6292	4054	1		2								
16	1603	大地狼王	20	4730	5489	1		2								
17	1604	白眉猴王	20	14050	4167	1		3								
17	1604	白眉猴王	20	13126	3970	1		3								
17	1604	白眉猴王	20	11662	4291	1		3								
18	1604	白眉猴王	20	12492	5996	1		3								
18	1604	白眉猴王	20	12570	7771	1		3								
18	1604	白眉猴王	20	11380	8747	1		3								
19	1604	白眉猴王	20	12336	9488	1		3								
19	1604	白眉猴王	20	10775	10873	1		3								
19	1604	白眉猴王	20	12823	11380	1		3								
20	1604	白眉猴王	20	11595	12453	1		3								
20	1604	白眉猴王	20	10561	12746	1		3								
20	1604	白眉猴王	20	9215	12668	1		3								
21	1604	白眉猴王	20	8493	11887	1		3								
21	1604	白眉猴王	20	6406	12433	1		3								
21	1604	白眉猴王	20	5431	14150	1		3								
22	1604	白眉猴王	20	3964	11538	1		3								
22	1604	白眉猴王	20	5493	10070	1		3								
22	1604	白眉猴王	20	4943	8969	1		3								
23	1604	白眉猴王	20	6125	7685	1		3								
23	1604	白眉猴王	20	3169	7053	1		3								
23	1604	白眉猴王	20	4474	5810	1		3								
24	1604	白眉猴王	20	5982	4363	1		3								
24	1604	白眉猴王	20	8979	5484	1		3								
24	1604	白眉猴王	20	7776	3527	1		3								
201	1602	寒玉鹿王	20	13393	4202	1		4								
201	1602	寒玉鹿王	20	12320	4269	1		4								
201	1602	寒玉鹿王	20	11142	4449	1		4								
202	1602	寒玉鹿王	20	10434	5114	1		4								
202	1602	寒玉鹿王	20	8828	4855	1		4								
202	1602	寒玉鹿王	20	7753	4287	1		4								
203	1602	寒玉鹿王	20	13040	6251	1		4								
203	1602	寒玉鹿王	20	12076	7510	1		4								
203	1602	寒玉鹿王	20	16091	8227	1		4								
204	1602	寒玉鹿王	20	12953	8832	1		4								
204	1602	寒玉鹿王	20	12530	10516	1		4								
204	1602	寒玉鹿王	20	10868	10841	1		4								
205	1602	寒玉鹿王	20	13625	11407	1		4								
205	1602	寒玉鹿王	20	11688	13972	1		4								
205	1602	寒玉鹿王	20	9850	13252	1		4								
206	1602	寒玉鹿王	20	9291	10465	1		4								
206	1602	寒玉鹿王	20	7335	12774	1		4								
206	1602	寒玉鹿王	20	3874	12250	1		4								
207	1602	寒玉鹿王	20	5709	10721	1		4								
207	1602	寒玉鹿王	20	2857	9263	1		4								
207	1602	寒玉鹿王	20	4608	8165	1		4								
208	1602	寒玉鹿王	20	6082	5983	1		4								
208	1602	寒玉鹿王	20	4674	3757	1		4								
208	1602	寒玉鹿王	20	4610	6214	1		4								
209	1603	大地狼王	20	12435	4096	1		5								
209	1603	大地狼王	20	13406	4222	1		5								
209	1603	大地狼王	20	13173	5953	1		5								
210	1603	大地狼王	20	13068	7853	1		5								
210	1603	大地狼王	20	12899	9711	1		5								
210	1603	大地狼王	20	12097	10576	1		5								
211	1603	大地狼王	20	11865	11484	1		5								
211	1603	大地狼王	20	12625	12117	1		5								
211	1603	大地狼王	20	11189	13383	1		5								
212	1603	大地狼王	20	10830	12307	1		5								
212	1603	大地狼王	20	9669	10998	1		5								
212	1603	大地狼王	20	9479	12054	1		5								
213	1603	大地狼王	20	7580	13088	1		5								
213	1603	大地狼王	20	5511	12581	1		5								
213	1603	大地狼王	20	7094	11336	1		5								
214	1603	大地狼王	20	5004	9521	1		5								
214	1603	大地狼王	20	5954	9626	1		5								
214	1603	大地狼王	20	5490	8254	1		5								
215	1603	大地狼王	20	5047	7431	1		5								
215	1603	大地狼王	20	7685	7621	1		5								
215	1603	大地狼王	20	7706	6460	1		5								
216	1603	大地狼王	20	8888	5046	1		5								
216	1603	大地狼王	20	6292	4054	1		5								
216	1603	大地狼王	20	4730	5489	1		5								
217	1604	白眉猴王	20	14050	4167	1		6								
217	1604	白眉猴王	20	13126	3970	1		6								
217	1604	白眉猴王	20	11662	4291	1		6								
218	1604	白眉猴王	20	12492	5996	1		6								
218	1604	白眉猴王	20	12570	7771	1		6								
218	1604	白眉猴王	20	11380	8747	1		6								
219	1604	白眉猴王	20	12336	9488	1		6								
219	1604	白眉猴王	20	10775	10873	1		6								
219	1604	白眉猴王	20	12823	11380	1		6								
220	1604	白眉猴王	20	11595	12453	1		6								
220	1604	白眉猴王	20	10561	12746	1		6								
220	1604	白眉猴王	20	9215	12668	1		6								
221	1604	白眉猴王	20	8493	11887	1		6								
221	1604	白眉猴王	20	6406	12433	1		6								
221	1604	白眉猴王	20	5431	14150	1		6								
222	1604	白眉猴王	20	3964	11538	1		6								
222	1604	白眉猴王	20	5493	10070	1		6								
222	1604	白眉猴王	20	4943	8969	1		6								
223	1604	白眉猴王	20	6125	7685	1		6								
223	1604	白眉猴王	20	3169	7053	1		6								
223	1604	白眉猴王	20	4474	5810	1		6								
224	1604	白眉猴王	20	5982	4363	1		6								
224	1604	白眉猴王	20	8979	5484	1		6								
224	1604	白眉猴王	20	7776	3527	1		6								
25	1606	九尾狐王	40	11946	3914	1		7								
25	1606	九尾狐王	40	14095	4738	1		7								
25	1606	九尾狐王	40	13916	6189	1		7								
26	1606	九尾狐王	40	12519	5920	1		7								
26	1606	九尾狐王	40	11193	5437	1		7								
26	1606	九尾狐王	40	8291	4165	1		7								
27	1606	九尾狐王	40	4727	3448	1		7								
27	1606	九尾狐王	40	4010	4863	1		7								
27	1606	九尾狐王	40	3133	7031	1		7								
28	1606	九尾狐王	40	6790	8199	1		7								
28	1606	九尾狐王	40	9513	8558	1		7								
28	1606	九尾狐王	40	11208	9454	1		7								
29	1606	九尾狐王	40	11012	10693	1		7								
29	1606	九尾狐王	40	10116	11622	1		7								
29	1606	九尾狐王	40	8893	12649	1		7								
30	1606	九尾狐王	40	8111	12030	1		7								
30	1606	九尾狐王	40	5763	12209	1		7								
30	1606	九尾狐王	40	4329	12079	1		7								
31	1606	九尾狐王	40	4068	10367	1		7								
31	1606	九尾狐王	40	5731	10546	1		7								
31	1606	九尾狐王	40	4753	9422	1		7								
32	1606	九尾狐王	40	4345	8770	1		7								
32	1606	九尾狐王	40	8535	9666	1		7								
32	1606	九尾狐王	40	8828	3162	1		7								
89	1607	双首异兽	40	7481	1253	1		8								
89	1607	双首异兽	40	5734	1534	1		8								
89	1607	双首异兽	40	5937	3094	1		8								
90	1607	双首异兽	40	8121	4373	1		8								
90	1607	双首异兽	40	10211	3749	1		8								
90	1607	双首异兽	40	10711	5496	1		8								
91	1607	双首异兽	40	10243	6682	1		8								
91	1607	双首异兽	40	9247	7714	1		8								
91	1607	双首异兽	40	12496	6972	1		8								
92	1607	双首异兽	40	10082	9126	1		8								
92	1607	双首异兽	40	11568	10537	1		8								
92	1607	双首异兽	40	10268	11298	1		8								
93	1607	双首异兽	40	8337	13266	1		8								
93	1607	双首异兽	40	6350	11149	1		8								
93	1607	双首异兽	40	5403	10035	1		8								
94	1607	双首异兽	40	3008	9961	1		8								
94	1607	双首异兽	40	3119	12004	1		8								
94	1607	双首异兽	40	2822	8346	1		8								
95	1607	双首异兽	40	3973	6099	1		8								
95	1607	双首异兽	40	3231	4910	1		8								
95	1607	双首异兽	40	2748	3926	1		8								
96	1607	双首异兽	40	4011	3276	1		8								
96	1607	双首异兽	40	4883	2292	1		8								
96	1607	双首异兽	40	8337	10555	1		8								
97	1605	奔焰豹王	40	12895	3110	1		9								
97	1605	奔焰豹王	40	13732	4483	1		9								
97	1605	奔焰豹王	40	14084	6476	1		9								
98	1605	奔焰豹王	40	11254	5488	1		9								
98	1605	奔焰豹王	40	8876	3830	1		9								
98	1605	奔焰豹王	40	7502	4450	1		9								
99	1605	奔焰豹王	40	6548	5722	1		9								
99	1605	奔焰豹王	40	8122	5706	1		9								
99	1605	奔焰豹王	40	4795	4220	1		9								
100	1605	奔焰豹王	40	4132	5200	1		9								
100	1605	奔焰豹王	40	4435	7002	1		9								
100	1605	奔焰豹王	40	2445	4883	1		9								
101	1605	奔焰豹王	40	5113	8550	1		9								
101	1605	奔焰豹王	40	4368	8528	1		9								
101	1605	奔焰豹王	40	5038	9652	1		9								
102	1605	奔焰豹王	40	11267	7946	1		9								
102	1605	奔焰豹王	40	12776	9665	1		9								
102	1605	奔焰豹王	40	13181	11998	1		9								
103	1605	奔焰豹王	40	11589	12333	1		9								
103	1605	奔焰豹王	40	10010	12626	1		9								
103	1605	奔焰豹王	40	7202	11397	1		9								
104	1605	奔焰豹王	40	8576	12684	1		9								
104	1605	奔焰豹王	40	4374	13608	1		9								
104	1605	奔焰豹王	40	3870	12138	1		9								
225	1606	九尾狐王	40	11946	3914	1		10								
225	1606	九尾狐王	40	14095	4738	1		10								
225	1606	九尾狐王	40	13916	6189	1		10								
226	1606	九尾狐王	40	12519	5920	1		10								
226	1606	九尾狐王	40	11193	5437	1		10								
226	1606	九尾狐王	40	8291	4165	1		10								
227	1606	九尾狐王	40	4727	3448	1		10								
227	1606	九尾狐王	40	4010	4863	1		10								
227	1606	九尾狐王	40	3133	7031	1		10								
228	1606	九尾狐王	40	6790	8199	1		10								
228	1606	九尾狐王	40	9513	8558	1		10								
228	1606	九尾狐王	40	11208	9454	1		10								
229	1606	九尾狐王	40	11012	10693	1		10								
229	1606	九尾狐王	40	10116	11622	1		10								
229	1606	九尾狐王	40	8893	12649	1		10								
230	1606	九尾狐王	40	8111	12030	1		10								
230	1606	九尾狐王	40	5763	12209	1		10								
230	1606	九尾狐王	40	4329	12079	1		10								
231	1606	九尾狐王	40	4068	10367	1		10								
231	1606	九尾狐王	40	5731	10546	1		10								
231	1606	九尾狐王	40	4753	9422	1		10								
232	1606	九尾狐王	40	4345	8770	1		10								
232	1606	九尾狐王	40	8535	9666	1		10								
232	1606	九尾狐王	40	8828	3162	1		10								
233	1607	双首异兽	40	7481	1253	1		11								
233	1607	双首异兽	40	5734	1534	1		11								
233	1607	双首异兽	40	5937	3094	1		11								
234	1607	双首异兽	40	8121	4373	1		11								
234	1607	双首异兽	40	10211	3749	1		11								
234	1607	双首异兽	40	10711	5496	1		11								
235	1607	双首异兽	40	10243	6682	1		11								
235	1607	双首异兽	40	9247	7714	1		11								
235	1607	双首异兽	40	12496	6972	1		11								
236	1607	双首异兽	40	10082	9126	1		11								
236	1607	双首异兽	40	11568	10537	1		11								
236	1607	双首异兽	40	10268	11298	1		11								
237	1607	双首异兽	40	8337	13266	1		11								
237	1607	双首异兽	40	6350	11149	1		11								
237	1607	双首异兽	40	5403	10035	1		11								
238	1607	双首异兽	40	3008	9961	1		11								
238	1607	双首异兽	40	3119	12004	1		11								
238	1607	双首异兽	40	2822	8346	1		11								
239	1607	双首异兽	40	3973	6099	1		11								
239	1607	双首异兽	40	3231	4910	1		11								
239	1607	双首异兽	40	2748	3926	1		11								
240	1607	双首异兽	40	4011	3276	1		11								
240	1607	双首异兽	40	4883	2292	1		11								
240	1607	双首异兽	40	8337	10555	1		11								
241	1605	奔焰豹王	40	12895	3110	1		12								
241	1605	奔焰豹王	40	13732	4483	1		12								
241	1605	奔焰豹王	40	14084	6476	1		12								
242	1605	奔焰豹王	40	11254	5488	1		12								
242	1605	奔焰豹王	40	8876	3830	1		12								
242	1605	奔焰豹王	40	7502	4450	1		12								
243	1605	奔焰豹王	40	6548	5722	1		12								
243	1605	奔焰豹王	40	8122	5706	1		12								
243	1605	奔焰豹王	40	4795	4220	1		12								
244	1605	奔焰豹王	40	4132	5200	1		12								
244	1605	奔焰豹王	40	4435	7002	1		12								
244	1605	奔焰豹王	40	2445	4883	1		12								
245	1605	奔焰豹王	40	5113	8550	1		12								
245	1605	奔焰豹王	40	4368	8528	1		12								
245	1605	奔焰豹王	40	5038	9652	1		12								
246	1605	奔焰豹王	40	11267	7946	1		12								
246	1605	奔焰豹王	40	12776	9665	1		12								
246	1605	奔焰豹王	40	13181	11998	1		12								
247	1605	奔焰豹王	40	11589	12333	1		12								
247	1605	奔焰豹王	40	10010	12626	1		12								
247	1605	奔焰豹王	40	7202	11397	1		12								
248	1605	奔焰豹王	40	8576	12684	1		12								
248	1605	奔焰豹王	40	4374	13608	1		12								
248	1605	奔焰豹王	40	3870	12138	1		12								
249	1606	九尾狐王	40	11946	3914	1		13								
249	1606	九尾狐王	40	14095	4738	1		13								
249	1606	九尾狐王	40	13916	6189	1		13								
250	1606	九尾狐王	40	12519	5920	1		13								
250	1606	九尾狐王	40	11193	5437	1		13								
250	1606	九尾狐王	40	8291	4165	1		13								
251	1606	九尾狐王	40	4727	3448	1		13								
251	1606	九尾狐王	40	4010	4863	1		13								
251	1606	九尾狐王	40	3133	7031	1		13								
252	1606	九尾狐王	40	6790	8199	1		13								
252	1606	九尾狐王	40	9513	8558	1		13								
252	1606	九尾狐王	40	11208	9454	1		13								
253	1606	九尾狐王	40	11012	10693	1		13								
253	1606	九尾狐王	40	10116	11622	1		13								
253	1606	九尾狐王	40	8893	12649	1		13								
254	1606	九尾狐王	40	8111	12030	1		13								
254	1606	九尾狐王	40	5763	12209	1		13								
254	1606	九尾狐王	40	4329	12079	1		13								
255	1606	九尾狐王	40	4068	10367	1		13								
255	1606	九尾狐王	40	5731	10546	1		13								
255	1606	九尾狐王	40	4753	9422	1		13								
256	1606	九尾狐王	40	4345	8770	1		13								
256	1606	九尾狐王	40	8535	9666	1		13								
256	1606	九尾狐王	40	8828	3162	1		13								
257	1607	双首异兽	40	7481	1253	1		14								
257	1607	双首异兽	40	5734	1534	1		14								
257	1607	双首异兽	40	5937	3094	1		14								
258	1607	双首异兽	40	8121	4373	1		14								
258	1607	双首异兽	40	10211	3749	1		14								
258	1607	双首异兽	40	10711	5496	1		14								
259	1607	双首异兽	40	10243	6682	1		14								
259	1607	双首异兽	40	9247	7714	1		14								
259	1607	双首异兽	40	12496	6972	1		14								
260	1607	双首异兽	40	10082	9126	1		14								
260	1607	双首异兽	40	11568	10537	1		14								
260	1607	双首异兽	40	10268	11298	1		14								
261	1607	双首异兽	40	8337	13266	1		14								
261	1607	双首异兽	40	6350	11149	1		14								
261	1607	双首异兽	40	5403	10035	1		14								
262	1607	双首异兽	40	3008	9961	1		14								
262	1607	双首异兽	40	3119	12004	1		14								
262	1607	双首异兽	40	2822	8346	1		14								
263	1607	双首异兽	40	3973	6099	1		14								
263	1607	双首异兽	40	3231	4910	1		14								
263	1607	双首异兽	40	2748	3926	1		14								
264	1607	双首异兽	40	4011	3276	1		14								
264	1607	双首异兽	40	4883	2292	1		14								
264	1607	双首异兽	40	8337	10555	1		14								
265	1605	奔焰豹王	40	12895	3110	1		15								
265	1605	奔焰豹王	40	13732	4483	1		15								
265	1605	奔焰豹王	40	14084	6476	1		15								
266	1605	奔焰豹王	40	11254	5488	1		15								
266	1605	奔焰豹王	40	8876	3830	1		15								
266	1605	奔焰豹王	40	7502	4450	1		15								
267	1605	奔焰豹王	40	6548	5722	1		15								
267	1605	奔焰豹王	40	8122	5706	1		15								
267	1605	奔焰豹王	40	4795	4220	1		15								
268	1605	奔焰豹王	40	4132	5200	1		15								
268	1605	奔焰豹王	40	4435	7002	1		15								
268	1605	奔焰豹王	40	2445	4883	1		15								
269	1605	奔焰豹王	40	5113	8550	1		15								
269	1605	奔焰豹王	40	4368	8528	1		15								
269	1605	奔焰豹王	40	5038	9652	1		15								
270	1605	奔焰豹王	40	11267	7946	1		15								
270	1605	奔焰豹王	40	12776	9665	1		15								
270	1605	奔焰豹王	40	13181	11998	1		15								
271	1605	奔焰豹王	40	11589	12333	1		15								
271	1605	奔焰豹王	40	10010	12626	1		15								
271	1605	奔焰豹王	40	7202	11397	1		15								
272	1605	奔焰豹王	40	8576	12684	1		15								
272	1605	奔焰豹王	40	4374	13608	1		15								
272	1605	奔焰豹王	40	3870	12138	1		15								
501	1765	定海金刚	60	12686	4053	1		16								
501	1765	定海金刚	60	8601	3804	1		16								
501	1765	定海金刚	60	10270	5913	1		16								
502	1765	定海金刚	60	14390	6103	1		16								
502	1765	定海金刚	60	11651	7148	1		16								
502	1765	定海金刚	60	12875	8377	1		16								
503	1765	定海金刚	60	12206	9378	1		16								
503	1765	定海金刚	60	12676	10625	1		16								
503	1765	定海金刚	60	12922	12092	1		16								
504	1765	定海金刚	60	9217	12217	1		16								
504	1765	定海金刚	60	8485	14259	1		16								
504	1765	定海金刚	60	9433	13125	1		16								
505	1765	定海金刚	60	6195	13854	1		16								
505	1765	定海金刚	60	5810	12845	1		16								
505	1765	定海金刚	60	4566	12251	1		16								
506	1765	定海金刚	60	5530	11814	1		16								
506	1765	定海金刚	60	5742	10783	1		16								
506	1765	定海金刚	60	5283	9954	1		16								
507	1765	定海金刚	60	3961	10290	1		16								
507	1765	定海金刚	60	3975	8502	1		16								
507	1765	定海金刚	60	5149	7397	1		16								
508	1765	定海金刚	60	3975	6471	1		16								
508	1765	定海金刚	60	4638	5628	1		16								
508	1765	定海金刚	60	6241	5214	1		16								
509	1766	金翅鹏皇	60	12248	4872	1		17								
509	1766	金翅鹏皇	60	10718	5118	1		17								
509	1766	金翅鹏皇	60	9651	4348	1		17								
510	1766	金翅鹏皇	60	10732	6333	1		17								
510	1766	金翅鹏皇	60	12079	6824	1		17								
510	1766	金翅鹏皇	60	11804	7874	1		17								
511	1766	金翅鹏皇	60	7904	4533	1		17								
511	1766	金翅鹏皇	60	4942	4299	1		17								
511	1766	金翅鹏皇	60	5845	5761	1		17								
512	1766	金翅鹏皇	60	4202	5003	1		17								
512	1766	金翅鹏皇	60	5087	6809	1		17								
512	1766	金翅鹏皇	60	5809	8018	1		17								
513	1766	金翅鹏皇	60	3769	8632	1		17								
513	1766	金翅鹏皇	60	3931	10293	1		17								
513	1766	金翅鹏皇	60	5051	11413	1		17								
514	1766	金翅鹏皇	60	4684	12820	1		17								
514	1766	金翅鹏皇	60	6476	10811	1		17								
514	1766	金翅鹏皇	60	9028	12209	1		17								
515	1766	金翅鹏皇	60	9937	11272	1		17								
515	1766	金翅鹏皇	60	9788	10119	1		17								
515	1766	金翅鹏皇	60	11105	12236	1		17								
516	1766	金翅鹏皇	60	11173	9779	1		17								
516	1766	金翅鹏皇	60	12245	10580	1		17								
516	1766	金翅鹏皇	60	12206	11827	1		17								
517	1767	银角犀皇	60	13833	3216	1		18								
517	1767	银角犀皇	60	11634	3089	1		18								
517	1767	银角犀皇	60	13918	4696	1		18								
518	1767	银角犀皇	60	11291	5039	1		18								
518	1767	银角犀皇	60	12125	6007	1		18								
518	1767	银角犀皇	60	13632	5967	1		18								
519	1767	银角犀皇	60	12180	7555	1		18								
519	1767	银角犀皇	60	13149	8900	1		18								
519	1767	银角犀皇	60	13010	11609	1		18								
520	1767	银角犀皇	60	11369	10442	1		18								
520	1767	银角犀皇	60	11290	12519	1		18								
520	1767	银角犀皇	60	9450	12658	1		18								
521	1767	银角犀皇	60	7552	11946	1		18								
521	1767	银角犀皇	60	6642	10878	1		18								
521	1767	银角犀皇	60	5575	13046	1		18								
522	1767	银角犀皇	60	4386	13588	1		18								
522	1767	银角犀皇	60	3814	12248	1		18								
522	1767	银角犀皇	60	4883	9448	1		18								
523	1767	银角犀皇	60	4521	8168	1		18								
523	1767	银角犀皇	60	3468	7792	1		18								
523	1767	银角犀皇	60	4567	6858	1		18								
524	1767	银角犀皇	60	6810	5955	1		18								
524	1767	银角犀皇	60	8300	4465	1		18								
524	1767	银角犀皇	60	4536	4540	1		18								
525	1765	定海金刚	60	12686	4053	1		19								
525	1765	定海金刚	60	8601	3804	1		19								
525	1765	定海金刚	60	10270	5913	1		19								
526	1765	定海金刚	60	14390	6103	1		19								
526	1765	定海金刚	60	11651	7148	1		19								
526	1765	定海金刚	60	12875	8377	1		19								
527	1765	定海金刚	60	12206	9378	1		19								
527	1765	定海金刚	60	12676	10625	1		19								
527	1765	定海金刚	60	12922	12092	1		19								
528	1765	定海金刚	60	9217	12217	1		19								
528	1765	定海金刚	60	8485	14259	1		19								
528	1765	定海金刚	60	9433	13125	1		19								
529	1765	定海金刚	60	6195	13854	1		19								
529	1765	定海金刚	60	5810	12845	1		19								
529	1765	定海金刚	60	4566	12251	1		19								
530	1765	定海金刚	60	5530	11814	1		19								
530	1765	定海金刚	60	5742	10783	1		19								
530	1765	定海金刚	60	5283	9954	1		19								
531	1765	定海金刚	60	3961	10290	1		19								
531	1765	定海金刚	60	3975	8502	1		19								
531	1765	定海金刚	60	5149	7397	1		19								
532	1765	定海金刚	60	3975	6471	1		19								
532	1765	定海金刚	60	4638	5628	1		19								
532	1765	定海金刚	60	6241	5214	1		19								
533	1766	金翅鹏皇	60	12248	4872	1		20								
533	1766	金翅鹏皇	60	10718	5118	1		20								
533	1766	金翅鹏皇	60	9651	4348	1		20								
534	1766	金翅鹏皇	60	10732	6333	1		20								
534	1766	金翅鹏皇	60	12079	6824	1		20								
534	1766	金翅鹏皇	60	11804	7874	1		20								
535	1766	金翅鹏皇	60	7904	4533	1		20								
535	1766	金翅鹏皇	60	4942	4299	1		20								
535	1766	金翅鹏皇	60	5845	5761	1		20								
536	1766	金翅鹏皇	60	4202	5003	1		20								
536	1766	金翅鹏皇	60	5087	6809	1		20								
536	1766	金翅鹏皇	60	5809	8018	1		20								
537	1766	金翅鹏皇	60	3769	8632	1		20								
537	1766	金翅鹏皇	60	3931	10293	1		20								
537	1766	金翅鹏皇	60	5051	11413	1		20								
538	1766	金翅鹏皇	60	4684	12820	1		20								
538	1766	金翅鹏皇	60	6476	10811	1		20								
538	1766	金翅鹏皇	60	9028	12209	1		20								
539	1766	金翅鹏皇	60	9937	11272	1		20								
539	1766	金翅鹏皇	60	9788	10119	1		20								
539	1766	金翅鹏皇	60	11105	12236	1		20								
540	1766	金翅鹏皇	60	11173	9779	1		20								
540	1766	金翅鹏皇	60	12245	10580	1		20								
540	1766	金翅鹏皇	60	12206	11827	1		20								
541	1767	银角犀皇	60	13833	3216	1		21								
541	1767	银角犀皇	60	11634	3089	1		21								
541	1767	银角犀皇	60	13918	4696	1		21								
542	1767	银角犀皇	60	11291	5039	1		21								
542	1767	银角犀皇	60	12125	6007	1		21								
542	1767	银角犀皇	60	13632	5967	1		21								
543	1767	银角犀皇	60	12180	7555	1		21								
543	1767	银角犀皇	60	13149	8900	1		21								
543	1767	银角犀皇	60	13010	11609	1		21								
544	1767	银角犀皇	60	11369	10442	1		21								
544	1767	银角犀皇	60	11290	12519	1		21								
544	1767	银角犀皇	60	9450	12658	1		21								
545	1767	银角犀皇	60	7552	11946	1		21								
545	1767	银角犀皇	60	6642	10878	1		21								
545	1767	银角犀皇	60	5575	13046	1		21								
546	1767	银角犀皇	60	4386	13588	1		21								
546	1767	银角犀皇	60	3814	12248	1		21								
546	1767	银角犀皇	60	4883	9448	1		21								
547	1767	银角犀皇	60	4521	8168	1		21								
547	1767	银角犀皇	60	3468	7792	1		21								
547	1767	银角犀皇	60	4567	6858	1		21								
548	1767	银角犀皇	60	6810	5955	1		21								
548	1767	银角犀皇	60	8300	4465	1		21								
548	1767	银角犀皇	60	4536	4540	1		21								
597	1765	定海金刚	60	12686	4053	1		22								
597	1765	定海金刚	60	8601	3804	1		22								
597	1765	定海金刚	60	10270	5913	1		22								
598	1765	定海金刚	60	14390	6103	1		22								
598	1765	定海金刚	60	11651	7148	1		22								
598	1765	定海金刚	60	12875	8377	1		22								
599	1765	定海金刚	60	12206	9378	1		22								
599	1765	定海金刚	60	12676	10625	1		22								
599	1765	定海金刚	60	12922	12092	1		22								
600	1765	定海金刚	60	9217	12217	1		22								
600	1765	定海金刚	60	8485	14259	1		22								
600	1765	定海金刚	60	9433	13125	1		22								
601	1765	定海金刚	60	6195	13854	1		22								
601	1765	定海金刚	60	5810	12845	1		22								
601	1765	定海金刚	60	4566	12251	1		22								
602	1765	定海金刚	60	5530	11814	1		22								
602	1765	定海金刚	60	5742	10783	1		22								
602	1765	定海金刚	60	5283	9954	1		22								
603	1765	定海金刚	60	3961	10290	1		22								
603	1765	定海金刚	60	3975	8502	1		22								
603	1765	定海金刚	60	5149	7397	1		22								
604	1765	定海金刚	60	3975	6471	1		22								
604	1765	定海金刚	60	4638	5628	1		22								
604	1765	定海金刚	60	6241	5214	1		22								
605	1766	金翅鹏皇	60	12248	4872	1		23								
605	1766	金翅鹏皇	60	10718	5118	1		23								
605	1766	金翅鹏皇	60	9651	4348	1		23								
606	1766	金翅鹏皇	60	10732	6333	1		23								
606	1766	金翅鹏皇	60	12079	6824	1		23								
606	1766	金翅鹏皇	60	11804	7874	1		23								
607	1766	金翅鹏皇	60	7904	4533	1		23								
607	1766	金翅鹏皇	60	4942	4299	1		23								
607	1766	金翅鹏皇	60	5845	5761	1		23								
608	1766	金翅鹏皇	60	4202	5003	1		23								
608	1766	金翅鹏皇	60	5087	6809	1		23								
608	1766	金翅鹏皇	60	5809	8018	1		23								
609	1766	金翅鹏皇	60	3769	8632	1		23								
609	1766	金翅鹏皇	60	3931	10293	1		23								
609	1766	金翅鹏皇	60	5051	11413	1		23								
610	1766	金翅鹏皇	60	4684	12820	1		23								
610	1766	金翅鹏皇	60	6476	10811	1		23								
610	1766	金翅鹏皇	60	9028	12209	1		23								
611	1766	金翅鹏皇	60	9937	11272	1		23								
611	1766	金翅鹏皇	60	9788	10119	1		23								
611	1766	金翅鹏皇	60	11105	12236	1		23								
612	1766	金翅鹏皇	60	11173	9779	1		23								
612	1766	金翅鹏皇	60	12245	10580	1		23								
612	1766	金翅鹏皇	60	12206	11827	1		23								
613	1767	银角犀皇	60	13833	3216	1		24								
613	1767	银角犀皇	60	11634	3089	1		24								
613	1767	银角犀皇	60	13918	4696	1		24								
614	1767	银角犀皇	60	11291	5039	1		24								
614	1767	银角犀皇	60	12125	6007	1		24								
614	1767	银角犀皇	60	13632	5967	1		24								
615	1767	银角犀皇	60	12180	7555	1		24								
615	1767	银角犀皇	60	13149	8900	1		24								
615	1767	银角犀皇	60	13010	11609	1		24								
616	1767	银角犀皇	60	11369	10442	1		24								
616	1767	银角犀皇	60	11290	12519	1		24								
616	1767	银角犀皇	60	9450	12658	1		24								
617	1767	银角犀皇	60	7552	11946	1		24								
617	1767	银角犀皇	60	6642	10878	1		24								
617	1767	银角犀皇	60	5575	13046	1		24								
618	1767	银角犀皇	60	4386	13588	1		24								
618	1767	银角犀皇	60	3814	12248	1		24								
618	1767	银角犀皇	60	4883	9448	1		24								
619	1767	银角犀皇	60	4521	8168	1		24								
619	1767	银角犀皇	60	3468	7792	1		24								
619	1767	银角犀皇	60	4567	6858	1		24								
620	1767	银角犀皇	60	6810	5955	1		24								
620	1767	银角犀皇	60	8300	4465	1		24								
620	1767	银角犀皇	60	4536	4540	1		24								
549	2195	赤睛虎皇	80	2789	12310	1		25								
549	2195	赤睛虎皇	80	4611	10533	1		25								
549	2195	赤睛虎皇	80	8173	11198	1		25								
550	2195	赤睛虎皇	80	11518	11644	1		25								
550	2195	赤睛虎皇	80	12566	11209	1		25								
550	2195	赤睛虎皇	80	10727	8768	1		25								
551	2195	赤睛虎皇	80	10782	4190	1		25								
551	2195	赤睛虎皇	80	13453	2205	1		25								
551	2195	赤睛虎皇	80	10467	2993	1		25								
552	2195	赤睛虎皇	80	10139	1931	1		25								
552	2195	赤睛虎皇	80	5083	4508	1		25								
552	2195	赤睛虎皇	80	7293	9468	1		25								
553	2195	赤睛虎皇	80	9866	10871	1		25								
553	2195	赤睛虎皇	80	7115	4289	1		25								
553	2195	赤睛虎皇	80	2631	3233	1		25								
554	2195	赤睛虎皇	80	4628	2705	1		25								
554	2195	赤睛虎皇	80	5029	6434	1		25								
554	2195	赤睛虎皇	80	2743	7831	1		25								
555	2195	赤睛虎皇	80	12190	4321	1		25								
555	2195	赤睛虎皇	80	9582	4639	1		25								
555	2195	赤睛虎皇	80	8257	2429	1		25								
556	2195	赤睛虎皇	80	11255	6673	1		25								
556	2195	赤睛虎皇	80	9985	7250	1		25								
556	2195	赤睛虎皇	80	12683	8945	1		25								
557	2196	撼天熊皇	80	3145	14743	1		26								
557	2196	撼天熊皇	80	6004	14357	1		26								
557	2196	撼天熊皇	80	7995	14375	1		26								
558	2196	撼天熊皇	80	8691	12159	1		26								
558	2196	撼天熊皇	80	13645	13372	1		26								
558	2196	撼天熊皇	80	12803	12444	1		26								
559	2196	撼天熊皇	80	10510	12928	1		26								
559	2196	撼天熊皇	80	12110	8161	1		26								
559	2196	撼天熊皇	80	7044	4808	1		26								
560	2196	撼天熊皇	80	5507	5127	1		26								
560	2196	撼天熊皇	80	11940	11682	1		26								
560	2196	撼天熊皇	80	4020	2906	1		26								
561	2196	撼天熊皇	80	6267	2538	1		26								
561	2196	撼天熊皇	80	11889	3254	1		26								
561	2196	撼天熊皇	80	10232	3434	1		26								
562	2196	撼天熊皇	80	14814	13183	1		26								
562	2196	撼天熊皇	80	5117	11933	1		26								
562	2196	撼天熊皇	80	5509	10438	1		26								
563	2196	撼天熊皇	80	10454	7982	1		26								
563	2196	撼天熊皇	80	11161	6001	1		26								
563	2196	撼天熊皇	80	5694	5828	1		26								
564	2196	撼天熊皇	80	13713	3629	1		26								
564	2196	撼天熊皇	80	12418	10331	1		26								
564	2196	撼天熊皇	80	11715	11056	1		26								
565	2197	紫背鳄皇	80	3349	9233	1		27								
565	2197	紫背鳄皇	80	8629	3901	1		27								
565	2197	紫背鳄皇	80	10996	4794	1		27								
566	2197	紫背鳄皇	80	11733	8588	1		27								
566	2197	紫背鳄皇	80	12632	2386	1		27								
566	2197	紫背鳄皇	80	9287	11864	1		27								
567	2197	紫背鳄皇	80	15722	11849	1		27								
567	2197	紫背鳄皇	80	14898	10039	1		27								
567	2197	紫背鳄皇	80	3887	15149	1		27								
568	2197	紫背鳄皇	80	6501	13256	1		27								
568	2197	紫背鳄皇	80	3857	10535	1		27								
568	2197	紫背鳄皇	80	2637	6614	1		27								
569	2197	紫背鳄皇	80	7352	3369	1		27								
569	2197	紫背鳄皇	80	8677	2966	1		27								
569	2197	紫背鳄皇	80	4717	4445	1		27								
570	2197	紫背鳄皇	80	14314	12141	1		27								
570	2197	紫背鳄皇	80	12566	12113	1		27								
570	2197	紫背鳄皇	80	11313	6587	1		27								
571	2197	紫背鳄皇	80	8141	13643	1		27								
571	2197	紫背鳄皇	80	5208	13469	1		27								
571	2197	紫背鳄皇	80	11452	10141	1		27								
572	2197	紫背鳄皇	80	12423	10424	1		27								
572	2197	紫背鳄皇	80	13749	4840	1		27								
572	2197	紫背鳄皇	80	5301	8143	1		27								
573	2195	赤睛虎皇	80	2789	12310	1		28								
573	2195	赤睛虎皇	80	4611	10533	1		28								
573	2195	赤睛虎皇	80	8173	11198	1		28								
574	2195	赤睛虎皇	80	11518	11644	1		28								
574	2195	赤睛虎皇	80	12566	11209	1		28								
574	2195	赤睛虎皇	80	10727	8768	1		28								
575	2195	赤睛虎皇	80	10782	4190	1		28								
575	2195	赤睛虎皇	80	13453	2205	1		28								
575	2195	赤睛虎皇	80	10467	2993	1		28								
576	2195	赤睛虎皇	80	10139	1931	1		28								
576	2195	赤睛虎皇	80	5083	4508	1		28								
576	2195	赤睛虎皇	80	7293	9468	1		28								
577	2195	赤睛虎皇	80	9866	10871	1		28								
577	2195	赤睛虎皇	80	7115	4289	1		28								
577	2195	赤睛虎皇	80	2631	3233	1		28								
578	2195	赤睛虎皇	80	4628	2705	1		28								
578	2195	赤睛虎皇	80	5029	6434	1		28								
578	2195	赤睛虎皇	80	2743	7831	1		28								
579	2195	赤睛虎皇	80	12190	4321	1		28								
579	2195	赤睛虎皇	80	9582	4639	1		28								
579	2195	赤睛虎皇	80	8257	2429	1		28								
580	2195	赤睛虎皇	80	11255	6673	1		28								
580	2195	赤睛虎皇	80	9985	7250	1		28								
580	2195	赤睛虎皇	80	12683	8945	1		28								
581	2196	撼天熊皇	80	3145	14743	1		29								
581	2196	撼天熊皇	80	6004	14357	1		29								
581	2196	撼天熊皇	80	7995	14375	1		29								
582	2196	撼天熊皇	80	8691	12159	1		29								
582	2196	撼天熊皇	80	13645	13372	1		29								
582	2196	撼天熊皇	80	12803	12444	1		29								
583	2196	撼天熊皇	80	10510	12928	1		29								
583	2196	撼天熊皇	80	12110	8161	1		29								
583	2196	撼天熊皇	80	7044	4808	1		29								
584	2196	撼天熊皇	80	5507	5127	1		29								
584	2196	撼天熊皇	80	11940	11682	1		29								
584	2196	撼天熊皇	80	4020	2906	1		29								
585	2196	撼天熊皇	80	6267	2538	1		29								
585	2196	撼天熊皇	80	11889	3254	1		29								
585	2196	撼天熊皇	80	10232	3434	1		29								
586	2196	撼天熊皇	80	14814	13183	1		29								
586	2196	撼天熊皇	80	5117	11933	1		29								
586	2196	撼天熊皇	80	5509	10438	1		29								
587	2196	撼天熊皇	80	10454	7982	1		29								
587	2196	撼天熊皇	80	11161	6001	1		29								
587	2196	撼天熊皇	80	5694	5828	1		29								
588	2196	撼天熊皇	80	13713	3629	1		29								
588	2196	撼天熊皇	80	12418	10331	1		29								
588	2196	撼天熊皇	80	11715	11056	1		29								
589	2197	紫背鳄皇	80	3349	9233	1		30								
589	2197	紫背鳄皇	80	8629	3901	1		30								
589	2197	紫背鳄皇	80	10996	4794	1		30								
590	2197	紫背鳄皇	80	11733	8588	1		30								
590	2197	紫背鳄皇	80	12632	2386	1		30								
590	2197	紫背鳄皇	80	9287	11864	1		30								
591	2197	紫背鳄皇	80	15722	11849	1		30								
591	2197	紫背鳄皇	80	14898	10039	1		30								
591	2197	紫背鳄皇	80	3887	15149	1		30								
592	2197	紫背鳄皇	80	6501	13256	1		30								
592	2197	紫背鳄皇	80	3857	10535	1		30								
592	2197	紫背鳄皇	80	2637	6614	1		30								
593	2197	紫背鳄皇	80	7352	3369	1		30								
593	2197	紫背鳄皇	80	8677	2966	1		30								
593	2197	紫背鳄皇	80	4717	4445	1		30								
594	2197	紫背鳄皇	80	14314	12141	1		30								
594	2197	紫背鳄皇	80	12566	12113	1		30								
594	2197	紫背鳄皇	80	11313	6587	1		30								
595	2197	紫背鳄皇	80	8141	13643	1		30								
595	2197	紫背鳄皇	80	5208	13469	1		30								
595	2197	紫背鳄皇	80	11452	10141	1		30								
596	2197	紫背鳄皇	80	12423	10424	1		30								
596	2197	紫背鳄皇	80	13749	4840	1		30								
596	2197	紫背鳄皇	80	5301	8143	1		30								
645	2297	冰鳞蜥皇	100	10606	4809	1		34								
645	2297	冰鳞蜥皇	100	9521	3932	1		34								
645	2297	冰鳞蜥皇	100	8614	3658	1		34								
646	2297	冰鳞蜥皇	100	7531	3806	1		34								
646	2297	冰鳞蜥皇	100	5405	4219	1		34								
646	2297	冰鳞蜥皇	100	2021	2573	1		34								
647	2297	冰鳞蜥皇	100	2421	4507	1		34								
647	2297	冰鳞蜥皇	100	2303	4957	1		34								
647	2297	冰鳞蜥皇	100	5001	4669	1		34								
648	2297	冰鳞蜥皇	100	4119	7412	1		34								
648	2297	冰鳞蜥皇	100	2955	7903	1		34								
648	2297	冰鳞蜥皇	100	2881	10104	1		34								
649	2297	冰鳞蜥皇	100	4896	10138	1		34								
649	2297	冰鳞蜥皇	100	4095	12320	1		34								
649	2297	冰鳞蜥皇	100	1562	14922	1		34								
650	2297	冰鳞蜥皇	100	8542	11723	1		34								
650	2297	冰鳞蜥皇	100	8821	14740	1		34								
650	2297	冰鳞蜥皇	100	10471	14627	1		34								
651	2297	冰鳞蜥皇	100	11372	12210	1		34								
651	2297	冰鳞蜥皇	100	14017	13723	1		34								
651	2297	冰鳞蜥皇	100	12591	10195	1		34								
652	2297	冰鳞蜥皇	100	10241	8452	1		34								
652	2297	冰鳞蜥皇	100	11268	7864	1		34								
652	2297	冰鳞蜥皇	100	11345	5897	1		34								
653	2298	银钩蝎皇	100	3903	2366	1		35								
653	2298	银钩蝎皇	100	4096	3233	1		35								
653	2298	银钩蝎皇	100	4426	4554	1		35								
654	2298	银钩蝎皇	100	4753	3695	1		35								
654	2298	银钩蝎皇	100	7974	4192	1		35								
654	2298	银钩蝎皇	100	7242	3562	1		35								
655	2298	银钩蝎皇	100	13369	1676	1		35								
655	2298	银钩蝎皇	100	12400	4211	1		35								
655	2298	银钩蝎皇	100	11243	4006	1		35								
656	2298	银钩蝎皇	100	11282	6873	1		35								
656	2298	银钩蝎皇	100	11915	6607	1		35								
656	2298	银钩蝎皇	100	13158	9511	1		35								
657	2298	银钩蝎皇	100	13499	14154	1		35								
657	2298	银钩蝎皇	100	12654	13674	1		35								
657	2298	银钩蝎皇	100	11752	13149	1		35								
658	2298	银钩蝎皇	100	13394	11339	1		35								
658	2298	银钩蝎皇	100	7709	12961	1		35								
658	2298	银钩蝎皇	100	8749	12330	1		35								
659	2298	银钩蝎皇	100	7540	12133	1		35								
659	2298	银钩蝎皇	100	7533	10940	1		35								
659	2298	银钩蝎皇	100	3546	11701	1		35								
660	2298	银钩蝎皇	100	1559	14038	1		35								
660	2298	银钩蝎皇	100	2039	9601	1		35								
660	2298	银钩蝎皇	100	2767	8101	1		35								
661	2299	狂鬃獒皇	100	16185	2560	1		36								
661	2299	狂鬃獒皇	100	15884	4413	1		36								
661	2299	狂鬃獒皇	100	16371	5307	1		36								
662	2299	狂鬃獒皇	100	14777	8195	1		36								
662	2299	狂鬃獒皇	100	14104	8697	1		36								
662	2299	狂鬃獒皇	100	14472	10011	1		36								
663	2299	狂鬃獒皇	100	15863	11084	1		36								
663	2299	狂鬃獒皇	100	15980	13371	1		36								
663	2299	狂鬃獒皇	100	15739	14431	1		36								
664	2299	狂鬃獒皇	100	17706	17857	1		36								
664	2299	狂鬃獒皇	100	16671	17394	1		36								
664	2299	狂鬃獒皇	100	14949	16960	1		36								
665	2299	狂鬃獒皇	100	13627	14451	1		36								
665	2299	狂鬃獒皇	100	10102	13680	1		36								
665	2299	狂鬃獒皇	100	8584	14471	1		36								
666	2299	狂鬃獒皇	100	7652	14788	1		36								
666	2299	狂鬃獒皇	100	5383	14919	1		36								
666	2299	狂鬃獒皇	100	2768	16396	1		36								
667	2299	狂鬃獒皇	100	6350	11977	1		36								
667	2299	狂鬃獒皇	100	7474	12104	1		36								
667	2299	狂鬃獒皇	100	6254	8547	1		36								
668	2299	狂鬃獒皇	100	6947	7297	1		36								
668	2299	狂鬃獒皇	100	5923	5506	1		36								
668	2299	狂鬃獒皇	100	10706	8219	1		36								
669	2297	冰鳞蜥皇	110	10606	4809	1		37								
669	2297	冰鳞蜥皇	110	9521	3932	1		37								
669	2297	冰鳞蜥皇	110	8614	3658	1		37								
670	2297	冰鳞蜥皇	110	7531	3806	1		37								
670	2297	冰鳞蜥皇	110	5405	4219	1		37								
670	2297	冰鳞蜥皇	110	2021	2573	1		37								
671	2297	冰鳞蜥皇	110	2421	4507	1		37								
671	2297	冰鳞蜥皇	110	2303	4957	1		37								
671	2297	冰鳞蜥皇	110	5001	4669	1		37								
672	2297	冰鳞蜥皇	110	4119	7412	1		37								
672	2297	冰鳞蜥皇	110	2955	7903	1		37								
672	2297	冰鳞蜥皇	110	2881	10104	1		37								
673	2297	冰鳞蜥皇	110	4896	10138	1		37								
673	2297	冰鳞蜥皇	110	4095	12320	1		37								
673	2297	冰鳞蜥皇	110	1562	14922	1		37								
674	2297	冰鳞蜥皇	110	8542	11723	1		37								
674	2297	冰鳞蜥皇	110	8821	14740	1		37								
674	2297	冰鳞蜥皇	110	10471	14627	1		37								
675	2297	冰鳞蜥皇	110	11372	12210	1		37								
675	2297	冰鳞蜥皇	110	14017	13723	1		37								
675	2297	冰鳞蜥皇	110	12591	10195	1		37								
676	2297	冰鳞蜥皇	110	10241	8452	1		37								
676	2297	冰鳞蜥皇	110	11268	7864	1		37								
676	2297	冰鳞蜥皇	110	11345	5897	1		37								
677	2298	银钩蝎皇	110	3903	2366	1		38								
677	2298	银钩蝎皇	110	4096	3233	1		38								
677	2298	银钩蝎皇	110	4426	4554	1		38								
678	2298	银钩蝎皇	110	4753	3695	1		38								
678	2298	银钩蝎皇	110	7974	4192	1		38								
678	2298	银钩蝎皇	110	7242	3562	1		38								
679	2298	银钩蝎皇	110	13369	1676	1		38								
679	2298	银钩蝎皇	110	12400	4211	1		38								
679	2298	银钩蝎皇	110	11243	4006	1		38								
680	2298	银钩蝎皇	110	11282	6873	1		38								
680	2298	银钩蝎皇	110	11915	6607	1		38								
680	2298	银钩蝎皇	110	13158	9511	1		38								
681	2298	银钩蝎皇	110	13499	14154	1		38								
681	2298	银钩蝎皇	110	12654	13674	1		38								
681	2298	银钩蝎皇	110	11752	13149	1		38								
682	2298	银钩蝎皇	110	13394	11339	1		38								
682	2298	银钩蝎皇	110	7709	12961	1		38								
682	2298	银钩蝎皇	110	8749	12330	1		38								
683	2298	银钩蝎皇	110	7540	12133	1		38								
683	2298	银钩蝎皇	110	7533	10940	1		38								
683	2298	银钩蝎皇	110	3546	11701	1		38								
684	2298	银钩蝎皇	110	1559	14038	1		38								
684	2298	银钩蝎皇	110	2039	9601	1		38								
684	2298	银钩蝎皇	110	2767	8101	1		38								
685	2299	狂鬃獒皇	110	16185	2560	1		39								
685	2299	狂鬃獒皇	110	15884	4413	1		39								
685	2299	狂鬃獒皇	110	16371	5307	1		39								
686	2299	狂鬃獒皇	110	14777	8195	1		39								
686	2299	狂鬃獒皇	110	14104	8697	1		39								
686	2299	狂鬃獒皇	110	14472	10011	1		39								
687	2299	狂鬃獒皇	110	15863	11084	1		39								
687	2299	狂鬃獒皇	110	15980	13371	1		39								
687	2299	狂鬃獒皇	110	15739	14431	1		39								
688	2299	狂鬃獒皇	110	17706	17857	1		39								
688	2299	狂鬃獒皇	110	16671	17394	1		39								
688	2299	狂鬃獒皇	110	14949	16960	1		39								
689	2299	狂鬃獒皇	110	13627	14451	1		39								
689	2299	狂鬃獒皇	110	10102	13680	1		39								
689	2299	狂鬃獒皇	110	8584	14471	1		39								
690	2299	狂鬃獒皇	110	7652	14788	1		39								
690	2299	狂鬃獒皇	110	5383	14919	1		39								
690	2299	狂鬃獒皇	110	2768	16396	1		39								
691	2299	狂鬃獒皇	110	6350	11977	1		39								
691	2299	狂鬃獒皇	110	7474	12104	1		39								
691	2299	狂鬃獒皇	110	6254	8547	1		39								
692	2299	狂鬃獒皇	110	6947	7297	1		39								
692	2299	狂鬃獒皇	110	5923	5506	1		39								
692	2299	狂鬃獒皇	110	10706	8219	1		39								
