Index	NpcName	TitleID	NpcTemplateId	WalkNearLength	CanAutoPath	NpcLevel	XPos	YPos	StandDir	Quantity	NpcType	NpcCamp	NpcDroprate	NpcSeriesAuto	NpcSeriesMetal	NpcSeriesWood	NpcSeriesWater	NpcSeriesFire	NpcSeriesEarth	Removewhendeath	ChangeColorScheme
ToUpperStory1	二层入口一		74	150	1	99	3400	5250		-1	0	0		0	0	0	0	0	0	0	0
ToUpperStory2	二层入口二		74	150	1	99	6200	8700		-1	0	0		0	0	0	0	0	0	0	0
ToBossRoom1	三层玄天武机						1500	3270		-1	0	0		0	0	0	0	0	0	0	0
ToBossRoom2	三层白起						6090	1570		-1	0	0		0	0	0	0	0	0	0	0
ToBossRoom3	三层李斯						6400	4920		-1	0	0		0	0	0	0	0	0	0	0
ToEmperorRoom1	秦始皇入口一						8600	6640		-1	0	0		0	0	0	0	0	0	0	0
ToEmperorRoom2	秦始皇入口二						9000	2300		-1	0	0		0	0	0	0	0	0	0	0
ToEmperorRoom3	秦始皇入口三						2150	8450		-1	0	0		0	0	0	0	0	0	0	0
Floor3	执法铁卫		1834			80	3832	8216		-1	0	0		0	0	0	0	0	0	0	0
Floor3	执法铁卫		1834			80	3579	8081		-1	0	0		0	0	0	0	0	0	0	0
Floor3	执法铁卫		1834			80	4002	8069		-1	0	0		0	0	0	0	0	0	0	0
Floor3	执法铁卫		1834			80	3726	7858		-1	0	0		0	0	0	0	0	0	0	0
Floor3	执法铁卫		1834			80	3937	7840		-1	0	0		0	0	0	0	0	0	0	0
Floor3	执法铁卫		1834			80	1348	7905		-1	0	0		0	0	0	0	0	0	0	0
Floor3	执法铁卫		1834			80	1178	7723		-1	0	0		0	0	0	0	0	0	0	0
Floor3	执法铁卫		1834			80	1577	7776		-1	0	0		0	0	0	0	0	0	0	0
Floor3	执法铁卫		1834			80	1284	7517		-1	0	0		0	0	0	0	0	0	0	0
Floor3	执法铁卫		1834			80	1530	7506		-1	0	0		0	0	0	0	0	0	0	0
Floor3	执法铁卫		1834			80	3855	4247		-1	0	0		0	0	0	0	0	0	0	0
Floor3	执法铁卫		1834			80	3691	4042		-1	0	0		0	0	0	0	0	0	0	0
Floor3	执法铁卫		1834			80	4143	4071		-1	0	0		0	0	0	0	0	0	0	0
Floor3	执法铁卫		1834			80	3773	3795		-1	0	0		0	0	0	0	0	0	0	0
Floor3	执法铁卫		1834			80	3984	3830		-1	0	0		0	0	0	0	0	0	0	0
Floor3	执法铁卫		1834			80	1331	1394		-1	0	0		0	0	0	0	0	0	0	0
Floor3	执法铁卫		1834			80	1149	1235		-1	0	0		0	0	0	0	0	0	0	0
Floor3	执法铁卫		1834			80	1536	1229		-1	0	0		0	0	0	0	0	0	0	0
Floor3	执法铁卫		1834			80	1242	1012		-1	0	0		0	0	0	0	0	0	0	0
Floor3	执法铁卫		1834			80	1518	989		-1	0	0		0	0	0	0	0	0	0	0
Floor3	执法铁卫		1834			80	3591	1817		-1	0	0		0	0	0	0	0	0	0	0
Floor3	执法铁卫		1834			80	3391	1599		-1	0	0		0	0	0	0	0	0	0	0
Floor3	执法铁卫		1834			80	3791	1676		-1	0	0		0	0	0	0	0	0	0	0
Floor3	执法铁卫		1834			80	3503	1376		-1	0	0		0	0	0	0	0	0	0	0
Floor3	执法铁卫		1834			80	3720	1406		-1	0	0		0	0	0	0	0	0	0	0
Floor3	执法铁卫		1834			80	6051	2175		-1	0	0		0	0	0	0	0	0	0	0
Floor3	执法铁卫		1834			80	5804	1993		-1	0	0		0	0	0	0	0	0	0	0
Floor3	执法铁卫		1834			80	6233	2034		-1	0	0		0	0	0	0	0	0	0	0
Floor3	执法铁卫		1834			80	5951	1828		-1	0	0		0	0	0	0	0	0	0	0
Floor3	执法铁卫		1834			80	5838	1717		-1	0	0		0	0	0	0	0	0	0	0
Floor3	执法铁卫		1834			80	8088	3707		-1	0	0		0	0	0	0	0	0	0	0
Floor3	执法铁卫		1834			80	7848	3525		-1	0	0		0	0	0	0	0	0	0	0
Floor3	执法铁卫		1834			80	8270	3543		-1	0	0		0	0	0	0	0	0	0	0
Floor3	执法铁卫		1834			80	7959	3302		-1	0	0		0	0	0	0	0	0	0	0
Floor3	执法铁卫		1834			80	8212	3261		-1	0	0		0	0	0	0	0	0	0	0
Floor3	执法铁卫		1834			80	7936	8404		-1	0	0		0	0	0	0	0	0	0	0
Floor3	执法铁卫		1834			80	7689	8246		-1	0	0		0	0	0	0	0	0	0	0
Floor3	执法铁卫		1834			80	8088	8234		-1	0	0		0	0	0	0	0	0	0	0
Floor3	执法铁卫		1834			80	7754	8022		-1	0	0		0	0	0	0	0	0	0	0
Floor3	执法铁卫		1834			80	7988	7987		-1	0	0		0	0	0	0	0	0	0	0
Floor3	执法铁卫		1834			80	4836	8645		-1	0	0		0	0	0	0	0	0	0	0
Floor3	执法铁卫		1834			80	4730	8433		-1	0	0		0	0	0	0	0	0	0	0
Floor3	执法铁卫		1834			80	5106	8539		-1	0	0		0	0	0	0	0	0	0	0
Floor3	执法铁卫		1834			80	4865	8240		-1	0	0		0	0	0	0	0	0	0	0
Floor3	执法铁卫		1834			80	5147	8281		-1	0	0		0	0	0	0	0	0	0	0
Floor3	执法铁卫		1834			80	6217	3995		-1	0	0		0	0	0	0	0	0	0	0
Floor3	执法铁卫		1834			80	5980	3865		-1	0	0		0	0	0	0	0	0	0	0
Floor3	执法铁卫		1834			80	6390	3829		-1	0	0		0	0	0	0	0	0	0	0
Floor3	执法铁卫		1834			80	6076	3700		-1	0	0		0	0	0	0	0	0	0	0
Floor3	执法铁卫		1834			80	6256	3655		-1	0	0		0	0	0	0	0	0	0	0
Floor3	执法铁卫		1834			80	1558	4351		-1	0	0		0	0	0	0	0	0	0	0
Floor3	执法铁卫		1834			80	1390	4226		-1	0	0		0	0	0	0	0	0	0	0
Floor3	执法铁卫		1834			80	1778	4206		-1	0	0		0	0	0	0	0	0	0	0
Floor3	执法铁卫		1834			80	1493	4025		-1	0	0		0	0	0	0	0	0	0	0
Floor3	执法铁卫		1834			80	1673	3978		-1	0	0		0	0	0	0	0	0	0	0
Floor3	执法铁卫		1834			80	1227	5892		-1	0	0		0	0	0	0	0	0	0	0
Floor3	执法铁卫		1834			80	1440	6107		-1	0	0		0	0	0	0	0	0	0	0
Floor3	执法铁卫		1834			80	1695	5912		-1	0	0		0	0	0	0	0	0	0	0
Floor3	执法铁卫		1834			80	1337	5704		-1	0	0		0	0	0	0	0	0	0	0
Floor3	执法铁卫		1834			80	1623	5667		-1	0	0		0	0	0	0	0	0	0	0
