Index	NpcName	TitleID	NpcTemplateId	WalkNearLength	CanAutoPath	NpcLevel	XPos	YPos	StandDir	Quantity	NpcType	NpcCamp	NpcDroprate	NpcSeriesAuto	NpcSeriesMetal	NpcSeriesWood	NpcSeriesWater	NpcSeriesFire	NpcSeriesEarth	Removewhendeath	ChangeColorScheme	
ToNextFloor1	二层入口一		74	150	1	99	6030	9130	0	-1		0	0		0	0	0	0	0	0	0	0
ToNextFloor2	二层入口二		74	150	1	99	12010	12300	0	-1		0	0		0	0	0	0	0	0	0	0
ToBossRoom1	一层玄天武机						8860	12010	0	-1		0	0		0	0	0	0	0	0	0	0
ToBossRoom2	一层白起						3850	6360	0	-1		0	0		0	0	0	0	0	0	0	0
ToBossRoom3	一层李斯						11880	3760	0	-1		0	0		0	0	0	0	0	0	0	0
Floor1	秦之钜机		1832			80	6759	3419	0	-1		0	0		0	0	0	0	0	0	0	0
Floor1	秦之钜机		1832			80	6561	3275	0	-1		0	0		0	0	0	0	0	0	0	0
Floor1	秦之钜机		1832			80	6915	3191	0	-1		0	0		0	0	0	0	0	0	0	0
Floor1	秦之钜机		1832			80	6699	3107	0	-1		0	0		0	0	0	0	0	0	0	0
Floor1	秦之钜机		1832			80	6831	2927	0	-1		0	0		0	0	0	0	0	0	0	0
Floor1	秦之钜机		1832			80	1330	12403	0	-1		0	0		0	0	0	0	0	0	0	0
Floor1	秦之钜机		1832			80	1060	12187	0	-1		0	0		0	0	0	0	0	0	0	0
Floor1	秦之钜机		1832			80	1216	11904	0	-1		0	0		0	0	0	0	0	0	0	0
Floor1	秦之钜机		1832			80	1493	11838	0	-1		0	0		0	0	0	0	0	0	0	0
Floor1	秦之钜机		1832			80	1595	12193	0	-1		0	0		0	0	0	0	0	0	0	0
Floor1	秦之钜机		1832			80	7612	14030	0	-1		0	0		0	0	0	0	0	0	0	0
Floor1	秦之钜机		1832			80	7359	13796	0	-1		0	0		0	0	0	0	0	0	0	0
Floor1	秦之钜机		1832			80	7876	13814	0	-1		0	0		0	0	0	0	0	0	0	0
Floor1	秦之钜机		1832			80	7498	13562	0	-1		0	0		0	0	0	0	0	0	0	0
Floor1	秦之钜机		1832			80	7768	13538	0	-1		0	0		0	0	0	0	0	0	0	0
Floor1	秦之钜机		1832			80	7738	11334	0	-1		0	0		0	0	0	0	0	0	0	0
Floor1	秦之钜机		1832			80	7486	11178	0	-1		0	0		0	0	0	0	0	0	0	0
Floor1	秦之钜机		1832			80	7942	11094	0	-1		0	0		0	0	0	0	0	0	0	0
Floor1	秦之钜机		1832			80	7534	10902	0	-1		0	0		0	0	0	0	0	0	0	0
Floor1	秦之钜机		1832			80	7810	10823	0	-1		0	0		0	0	0	0	0	0	0	0
Floor1	秦之钜机		1832			80	13040	7881	0	-1		0	0		0	0	0	0	0	0	0	0
Floor1	秦之钜机		1832			80	12752	7737	0	-1		0	0		0	0	0	0	0	0	0	0
Floor1	秦之钜机		1832			80	13268	7707	0	-1		0	0		0	0	0	0	0	0	0	0
Floor1	秦之钜机		1832			80	12860	7353	0	-1		0	0		0	0	0	0	0	0	0	0
Floor1	秦之钜机		1832			80	13178	7299	0	-1		0	0		0	0	0	0	0	0	0	0
Floor1	秦之钜机		1832			80	13016	1606	0	-1		0	0		0	0	0	0	0	0	0	0
Floor1	秦之钜机		1832			80	12752	1414	0	-1		0	0		0	0	0	0	0	0	0	0
Floor1	秦之钜机		1832			80	13238	1414	0	-1		0	0		0	0	0	0	0	0	0	0
Floor1	秦之钜机		1832			80	12848	1143	0	-1		0	0		0	0	0	0	0	0	0	0
Floor1	秦之钜机		1832			80	13136	1107	0	-1		0	0		0	0	0	0	0	0	0	0
Floor1	秦之钜机		1832			80	10367	1590	0	-1		0	0		0	0	0	0	0	0	0	0
Floor1	秦之钜机		1832			80	10076	1389	0	-1		0	0		0	0	0	0	0	0	0	0
Floor1	秦之钜机		1832			80	10658	1381	0	-1		0	0		0	0	0	0	0	0	0	0
Floor1	秦之钜机		1832			80	10210	1135	0	-1		0	0		0	0	0	0	0	0	0	0
Floor1	秦之钜机		1832			80	10531	1091	0	-1		0	0		0	0	0	0	0	0	0	0
Floor1	秦之钜机		1832			80	2263	1590	0	-1		0	0		0	0	0	0	0	0	0	0
Floor1	秦之钜机		1832			80	2017	1411	0	-1		0	0		0	0	0	0	0	0	0	0
Floor1	秦之钜机		1832			80	2524	1434	0	-1		0	0		0	0	0	0	0	0	0	0
Floor1	秦之钜机		1832			80	2129	1113	0	-1		0	0		0	0	0	0	0	0	0	0
Floor1	秦之钜机		1832			80	2434	1120	0	-1		0	0		0	0	0	0	0	0	0	0
Floor1	秦之钜机		1832			80	2211	9694	0	-1		0	0		0	0	0	0	0	0	0	0
Floor1	秦之钜机		1832			80	1942	9500	0	-1		0	0		0	0	0	0	0	0	0	0
Floor1	秦之钜机		1832			80	2509	9463	0	-1		0	0		0	0	0	0	0	0	0	0
Floor1	秦之钜机		1832			80	2099	9180	0	-1		0	0		0	0	0	0	0	0	0	0
Floor1	秦之钜机		1832			80	2404	9150	0	-1		0	0		0	0	0	0	0	0	0	0
Floor1	秦之钜机		1832			80	9493	8455	0	-1		0	0		0	0	0	0	0	0	0	0
Floor1	秦之钜机		1832			80	9137	8336	0	-1		0	0		0	0	0	0	0	0	0	0
Floor1	秦之钜机		1832			80	9758	8245	0	-1		0	0		0	0	0	0	0	0	0	0
Floor1	秦之钜机		1832			80	9305	8050	0	-1		0	0		0	0	0	0	0	0	0	0
Floor1	秦之钜机		1832			80	9633	8008	0	-1		0	0		0	0	0	0	0	0	0	0
Floor1	秦之钜机		1832			80	3883	11351	0	-1		0	0		0	0	0	0	0	0	0	0
Floor1	秦之钜机		1832			80	4246	11190	0	-1		0	0		0	0	0	0	0	0	0	0
Floor1	秦之钜机		1832			80	3576	11127	0	-1		0	0		0	0	0	0	0	0	0	0
Floor1	秦之钜机		1832			80	3743	10946	0	-1		0	0		0	0	0	0	0	0	0	0
Floor1	秦之钜机		1832			80	4036	10939	0	-1		0	0		0	0	0	0	0	0	0	0
Floor1	秦之钜机		1832			80	4106	13549	0	-1		0	0		0	0	0	0	0	0	0	0
Floor1	秦之钜机		1832			80	4274	13346	0	-1		0	0		0	0	0	0	0	0	0	0
Floor1	秦之钜机		1832			80	3750	13451	0	-1		0	0		0	0	0	0	0	0	0	0
Floor1	秦之钜机		1832			80	3869	13165	0	-1		0	0		0	0	0	0	0	0	0	0
Floor1	秦之钜机		1832			80	4113	13046	0	-1		0	0		0	0	0	0	0	0	0	0
Floor1	秦之钜机		1832			80	1420	7038	0	-1		0	0		0	0	0	0	0	0	0	0
Floor1	秦之钜机		1832			80	1671	6815	0	-1		0	0		0	0	0	0	0	0	0	0
Floor1	秦之钜机		1832			80	1238	6773	0	-1		0	0		0	0	0	0	0	0	0	0
Floor1	秦之钜机		1832			80	1343	6459	0	-1		0	0		0	0	0	0	0	0	0	0
Floor1	秦之钜机		1832			80	1545	6445	0	-1		0	0		0	0	0	0	0	0	0	0
Floor1	秦之钜机		1832			80	1790	4338	0	-1		0	0		0	0	0	0	0	0	0	0
Floor1	秦之钜机		1832			80	1503	4149	0	-1		0	0		0	0	0	0	0	0	0	0
Floor1	秦之钜机		1832			80	2069	4149	0	-1		0	0		0	0	0	0	0	0	0	0
Floor1	秦之钜机		1832			80	1650	3891	0	-1		0	0		0	0	0	0	0	0	0	0
Floor1	秦之钜机		1832			80	1950	3884	0	-1		0	0		0	0	0	0	0	0	0	0
Floor1	秦之钜机		1832			80	3890	3553	0	-1		0	0		0	0	0	0	0	0	0	0
Floor1	秦之钜机		1832			80	3631	3349	0	-1		0	0		0	0	0	0	0	0	0	0
Floor1	秦之钜机		1832			80	4125	3326	0	-1		0	0		0	0	0	0	0	0	0	0
Floor1	秦之钜机		1832			80	3756	3106	0	-1		0	0		0	0	0	0	0	0	0	0
Floor1	秦之钜机		1832			80	4031	3012	0	-1		0	0		0	0	0	0	0	0	0	0
Floor1	秦之钜机		1832			80	6683	1616	0	-1		0	0		0	0	0	0	0	0	0	0
Floor1	秦之钜机		1832			80	6400	1380	0	-1		0	0		0	0	0	0	0	0	0	0
Floor1	秦之钜机		1832			80	6573	1051	0	-1		0	0		0	0	0	0	0	0	0	0
Floor1	秦之钜机		1832			80	6894	1067	0	-1		0	0		0	0	0	0	0	0	0	0
Floor1	秦之钜机		1832			80	6887	1373	0	-1		0	0		0	0	0	0	0	0	0	0
Floor1	秦之钜机		1832			80	13100	4934	0	-1		0	0		0	0	0	0	0	0	0	0
Floor1	秦之钜机		1832			80	12731	4722	0	-1		0	0		0	0	0	0	0	0	0	0
Floor1	秦之钜机		1832			80	13335	4683	0	-1		0	0		0	0	0	0	0	0	0	0
Floor1	秦之钜机		1832			80	12896	4518	0	-1		0	0		0	0	0	0	0	0	0	0
Floor1	秦之钜机		1832			80	13217	4432	0	-1		0	0		0	0	0	0	0	0	0	0
Floor1	秦之钜机		1832			80	10997	3718	0	-1		0	0		0	0	0	0	0	0	0	0
Floor1	秦之钜机		1832			80	10613	3506	0	-1		0	0		0	0	0	0	0	0	0	0
Floor1	秦之钜机		1832			80	11358	3506	0	-1		0	0		0	0	0	0	0	0	0	0
Floor1	秦之钜机		1832			80	10848	3216	0	-1		0	0		0	0	0	0	0	0	0	0
Floor1	秦之钜机		1832			80	11209	3161	0	-1		0	0		0	0	0	0	0	0	0	0
Floor1	秦之钜机		1832			80	8636	2675	0	-1		0	0		0	0	0	0	0	0	0	0
Floor1	秦之钜机		1832			80	8306	2463	0	-1		0	0		0	0	0	0	0	0	0	0
Floor1	秦之钜机		1832			80	8926	2471	0	-1		0	0		0	0	0	0	0	0	0	0
Floor1	秦之钜机		1832			80	8487	2243	0	-1		0	0		0	0	0	0	0	0	0	0
Floor1	秦之钜机		1832			80	8714	2243	0	-1		0	0		0	0	0	0	0	0	0	0
Floor1	秦之钜机		1832			80	13476	10213	0	-1		0	0		0	0	0	0	0	0	0	0
Floor1	秦之钜机		1832			80	13233	10080	0	-1		0	0		0	0	0	0	0	0	0	0
Floor1	秦之钜机		1832			80	13657	10002	0	-1		0	0		0	0	0	0	0	0	0	0
Floor1	秦之钜机		1832			80	13288	9758	0	-1		0	0		0	0	0	0	0	0	0	0
Floor1	秦之钜机		1832			80	13547	9719	0	-1		0	0		0	0	0	0	0	0	0	0
Floor1	秦之钜机		1832			80	10644	10159	0	-1		0	0		0	0	0	0	0	0	0	0
Floor1	秦之钜机		1832			80	10377	10017	0	-1		0	0		0	0	0	0	0	0	0	0
Floor1	秦之钜机		1832			80	10503	9782	0	-1		0	0		0	0	0	0	0	0	0	0
Floor1	秦之钜机		1832			80	10848	9704	0	-1		0	0		0	0	0	0	0	0	0	0
Floor1	秦之钜机		1832			80	10856	9994	0	-1		0	0		0	0	0	0	0	0	0	0
Floor1	秦之钜机		1832			80	4572	8851	0	-1		0	0		0	0	0	0	0	0	0	0
Floor1	秦之钜机		1832			80	4292	8682	0	-1		0	0		0	0	0	0	0	0	0	0
Floor1	秦之钜机		1832			80	4396	8396	0	-1		0	0		0	0	0	0	0	0	0	0
Floor1	秦之钜机		1832			80	4643	8344	0	-1		0	0		0	0	0	0	0	0	0	0
Floor1	秦之钜机		1832			80	4740	8676	0	-1		0	0		0	0	0	0	0	0	0	0
Floor1	秦之钜机		1832			80	4260	5791	0	-1		0	0		0	0	0	0	0	0	0	0
Floor1	秦之钜机		1832			80	4078	5622	0	-1		0	0		0	0	0	0	0	0	0	0
Floor1	秦之钜机		1832			80	4507	5661	0	-1		0	0		0	0	0	0	0	0	0	0
Floor1	秦之钜机		1832			80	4208	5369	0	-1		0	0		0	0	0	0	0	0	0	0
Floor1	秦之钜机		1832			80	4474	5323	0	-1		0	0		0	0	0	0	0	0	0	0
Floor1	秦之钜机		1832			80	6527	7779	0	-1		0	0		0	0	0	0	0	0	0	0
Floor1	秦之钜机		1832			80	6767	7597	0	-1		0	0		0	0	0	0	0	0	0	0
Floor1	秦之钜机		1832			80	6345	7578	0	-1		0	0		0	0	0	0	0	0	0	0
Floor1	秦之钜机		1832			80	6469	7363	0	-1		0	0		0	0	0	0	0	0	0	0
Floor1	秦之钜机		1832			80	6676	7357	0	-1		0	0		0	0	0	0	0	0	0	0
