Level	EquipPos	StoneId1	StoneId2	StoneId3	StoneId4	StoneId5	StoneId6	StoneId7	StoneId8	StoneId9	StoneId10	desc
20	3	1838	1815	1876								武器
20	1	1713	1732	1799	1818	1819	1820	1789	1790	1773	1776	衣服
20	8	1743	1787	1806	1857	1850						项链
20	7	1731	1762	1879	1859							戒指
20	9	1763	1765	1803	1872	1856						玉佩
20	6	1733	1775	1855	1858							护身符
20	0	1767	1788	1873	1880							头
20	5	1764	1797	1804	1870	1852						护腕
20	2	1768	1805	1816	1782	1783	1784	1874	1863			腰带
20	4	1766	1839	1864	1871							鞋子
40	3	1916	1893	1826	1828	1829	1830	1831	1876	1827		武器
40	1	1791	1810	1877	1896	1897	1898	1867	1868	1851	1854	衣服
40	8	1821	1865	1884	1857	1850						项链
40	7	1809	1840	1878	1879	1859						戒指
40	9	1841	1843	1881	1872	1856						玉佩
40	6	1811	1853	1855	1858							护身符
40	0	1814	1845	1866	1873	1880						头
40	5	1842	1875	1882	1870	1852						护腕
40	2	1846	1812	1883	1894	1901	1903	1860	1861	1862	1874	腰带
40	4	1844	1917	1900	1902	1864	1871					鞋子
50	3	2848	1916	1893	1826	1828	1829	1830	1831	1876	1827	武器
50	1	1791	1810	1877	1896	1897	1898	1867	1868	1851	1854	衣服
50	8	1821	1865	1884	1857	1850						项链
50	7	1809	1840	1878	1879	1859						戒指
50	9	1817	1841	1843	1881	1872	1856					玉佩
50	6	2849	1811	1853	1855	1858						护身符
50	0	1814	1845	1866	1873	1880						头
50	5	1842	1875	1882	1870	1852						护腕
50	2	1846	1812	1883	1894	1901	1903	1860	1861	1862	1874	腰带
50	4	1844	1917	1900	1902	1864	1871					鞋子
60	3	2537	2850	1916	1893	1904	1906	1907	1908	1909	1905	武器
60	1	2538	1869	1888	1877	1896	1897	1898	1867	1868	1851	衣服
60	8	2540	2677	1925	1899	1865	1884	1857	1850			项链
60	7	2543	1887	1918	1878	1879	1859					戒指
60	9	2539	2676	1895	1919	1921	1881	1872	1856			玉佩
60	6	2545	2697	2851	1889	1853	1855	1858				护身符
60	0	2542	2669	1892	1923	1866	1873	1880				头
60	5	1891	1875	1882	1835	1836	1837	1870	1852			护腕
60	2	2544	1924	1890	1883	1894	1901	1903	1860	1861	1862	腰带
60	4	2541	2675	3710	1922	1926	1917	1900	1902	1864	1871	鞋子
70	3	2537	2850	1916	1893	1904	1906	1907	1908	1909	1905	武器
70	1	2538	1869	1888	2830	1877	1896	1897	1898	1867	1868	衣服
70	8	2829	2540	2677	1925	1899	1865	1884	1857	1850		项链
70	7	2882	7653	2543	1887	1918	1878	1879	1859			戒指
70	9	2539	2831	2676	1895	1919	1921	1881	1872	1856		玉佩
70	6	2545	2697	2851	1889	1853	1855	1858				护身符
70	0	2827	2542	2669	1892	1923	1866	1873	1880			头
70	5	7375	1891	1875	1882	1913	1914	1915	1870	1852		护腕
70	2	2828	2544	1924	1890	1883	1894	1901	1903	1860	1861	腰带
70	4	2541	2675	3710	1922	1926	1917	1900	1902	1864	1871	鞋子
80	3	2546	2852	3379	1886	1916	1893	1904	1906	1907	1908	武器
80	1	7651	2547	1869	1888	2835	1877	1896	1897	1898	1867	衣服
80	8	3862	6075	2834	2549	2680	1925	1899	1865	1884	1857	项链
80	7	2884	7656	2552	3222	1887	1918	1878	1879	1859		戒指
80	9	2548	2836	2679	1895	1919	1921	1881	1872	1856		玉佩
80	6	2554	2698	2851	1889	1853	1855	1858				护身符
80	0	2832	2551	2670	1892	1923	1866	1873	1880			头
80	5	3223	7376	1891	1910	1911	1875	1882	1913	1914	1915	护腕
80	2	2833	2553	1924	1890	1883	1894	1901	1903	1860	1861	腰带
80	4	3221	2550	2678	3711	1922	1926	1917	1900	1902	1864	鞋子
90	3	2546	2852	3860	3379	1886	1916	1893	1904	1906	1907	武器
90	1	7651	4054	9400	2547	1869	1888	2835	1877	1896	1897	衣服
90	8	3862	6075	2834	2549	2680	1925	1899	1865	1884	1857	项链
90	7	2884	7656	2552	4877	6077	3222	1887	1918	1878	1879	戒指
90	9	2548	3861	6078	2836	2679	1895	1919	1921	1881	1872	玉佩
90	6	2554	2698	2851	1889	1853	1855	1858				护身符
90	0	2832	3378	2551	2670	1892	1923	1866	1873	1880		头
90	5	3223	7376	1891	1910	1911	1875	1882	1913	1914	1915	护腕
90	2	2833	2553	1924	3377	1890	1883	1894	1901	1903	1860	腰带
90	4	3221	2550	2678	3711	1922	1926	1917	1900	1902	1864	鞋子
100	3	2546	2852	3860	3379	1886	1916	1893	1904	1906	1907	武器
100	1	7651	4054	9400	2547	1869	1888	2835	1877	1896	1897	衣服
100	8	4850	3862	6075	2834	2549	2680	1925	1899	1865	1884	项链
100	7	3898	2884	7656	2552	4877	6077	3222	1887	1918	1878	戒指
100	9	2548	3861	6078	2836	2679	1895	1919	1921	1881	1872	玉佩
100	6	4547	4546	4548	2554	2698	2851	1889	1853	1855	1858	护身符
100	0	2832	6104	3378	2551	2670	1892	1923	1866	1873	1880	头
100	5	3223	7376	1891	1910	1911	1875	1882	1913	1914	1915	护腕
100	2	2833	5437	2553	1924	3377	1890	1883	1894	1901	1903	腰带
100	4	6076	3221	2550	2678	3711	1922	1926	1917	1900	1902	鞋子
110	3	4597	2546	7743	2852	3860	3379	1886	1916	1893	1904	武器
110	1	7654	4055	9400	2547	1869	1888	2835	1877	1896	1897	衣服
110	8	4851	3862	6075	2834	2549	2680	1925	1899	1865	1884	项链
110	7	3899	2884	7656	2552	4877	6077	3222	1887	1918	1878	戒指
110	9	2548	3861	6078	2836	2679	1895	1919	1921	1881	1872	玉佩
110	6	4547	4546	4548	2554	2698	2851	1889	1853	1855	1858	护身符
110	0	9403	2837	6104	3378	2551	2670	1892	1923	1866	1873	头
110	5	7379	3223	7376	1891	1910	1911	1875	1882	1913	1914	护腕
110	2	2838	5437	6105	6287	2553	1924	3377	1890	1883	1894	腰带
110	4	6114	6076	3221	2550	2678	3711	1922	1926	1917	1900	鞋子
120	3	4597	6138	2546	7743	2852	3860	3379	1886	1916	1893	武器
120	1	7654	4055	9400	2547	1869	1888	2835	1877	1896	1897	衣服
120	8	4851	3862	6075	2834	2549	2680	1925	1899	1865	1884	项链
120	7	3899	2884	7656	2552	4877	6077	3222	1887	1918	1878	戒指
120	9	2548	3861	6078	2836	2679	1895	1919	1921	1881	1872	玉佩
120	6	4547	4546	4548	2554	2698	2851	1889	1853	1855	1858	护身符
120	0	9403	2837	6104	3378	2551	2670	1892	1923	1866	1873	头
120	5	7379	3223	7376	1891	1910	1911	1875	1882	1913	1914	护腕
120	2	2838	5437	6105	6287	2553	1924	3377	1890	1883	1894	腰带
120	4	6114	6076	3221	2550	2678	3711	1922	1926	1917	1900	鞋子
