FactionID	Level	Vitality	Strength	Dexterity	Energy
0	1	23	23	23	21
0	2	26	26	26	22
0	3	29	29	29	23
0	4	32	32	32	24
0	5	35	35	35	25
0	6	38	38	38	26
0	7	41	41	41	27
0	8	44	44	44	28
0	9	47	47	47	29
0	10	50	50	50	30
0	11	53	53	53	31
0	12	56	56	56	32
0	13	59	59	59	33
0	14	62	62	62	34
0	15	65	65	65	35
0	16	68	68	68	36
0	17	71	71	71	37
0	18	74	74	74	38
0	19	77	77	77	39
0	20	80	80	80	40
0	21	83	83	83	41
0	22	86	86	86	42
0	23	89	89	89	43
0	24	92	92	92	44
0	25	95	95	95	45
0	26	98	98	98	46
0	27	101	101	101	47
0	28	104	104	104	48
0	29	107	107	107	49
0	30	110	110	110	50
0	31	113	113	113	51
0	32	116	116	116	52
0	33	119	119	119	53
0	34	122	122	122	54
0	35	125	125	125	55
0	36	128	128	128	56
0	37	131	131	131	57
0	38	134	134	134	58
0	39	137	137	137	59
0	40	140	140	140	60
0	41	143	143	143	61
0	42	146	146	146	62
0	43	149	149	149	63
0	44	152	152	152	64
0	45	155	155	155	65
0	46	158	158	158	66
0	47	161	161	161	67
0	48	164	164	164	68
0	49	167	167	167	69
0	50	170	170	170	70
0	51	173	173	173	71
0	52	176	176	176	72
0	53	179	179	179	73
0	54	182	182	182	74
0	55	185	185	185	75
0	56	188	188	188	76
0	57	191	191	191	77
0	58	194	194	194	78
0	59	197	197	197	79
0	60	200	200	200	80
0	61	203	203	203	81
0	62	206	206	206	82
0	63	209	209	209	83
0	64	212	212	212	84
0	65	215	215	215	85
0	66	218	218	218	86
0	67	221	221	221	87
0	68	224	224	224	88
0	69	227	227	227	89
0	70	230	230	230	90
0	71	233	233	233	91
0	72	236	236	236	92
0	73	239	239	239	93
0	74	242	242	242	94
0	75	245	245	245	95
0	76	248	248	248	96
0	77	251	251	251	97
0	78	254	254	254	98
0	79	257	257	257	99
0	80	260	260	260	100
0	81	263	263	263	101
0	82	266	266	266	102
0	83	269	269	269	103
0	84	272	272	272	104
0	85	275	275	275	105
0	86	278	278	278	106
0	87	281	281	281	107
0	88	284	284	284	108
0	89	287	287	287	109
0	90	290	290	290	110
0	91	293	293	293	111
0	92	296	296	296	112
0	93	299	299	299	113
0	94	302	302	302	114
0	95	305	305	305	115
0	96	308	308	308	116
0	97	311	311	311	117
0	98	314	314	314	118
0	99	317	317	317	119
0	100	320	320	320	120
0	101	323	323	323	121
0	102	326	326	326	122
0	103	329	329	329	123
0	104	332	332	332	124
0	105	335	335	335	125
0	106	338	338	338	126
0	107	341	341	341	127
0	108	344	344	344	128
0	109	347	347	347	129
0	110	350	350	350	130
0	111	353	353	353	131
0	112	356	356	356	132
0	113	359	359	359	133
0	114	362	362	362	134
0	115	365	365	365	135
0	116	368	368	368	136
0	117	371	371	371	137
0	118	374	374	374	138
0	119	377	377	377	139
0	120	380	380	380	140
0	121	383	383	383	141
0	122	386	386	386	142
0	123	389	389	389	143
0	124	392	392	392	144
0	125	395	395	395	145
0	126	398	398	398	146
0	127	401	401	401	147
0	128	404	404	404	148
0	129	407	407	407	149
0	130	410	410	410	150
0	131	413	413	413	151
0	132	416	416	416	152
0	133	419	419	419	153
0	134	422	422	422	154
0	135	425	425	425	155
0	136	428	428	428	156
0	137	431	431	431	157
0	138	434	434	434	158
0	139	437	437	437	159
0	140	440	440	440	160
0	141	443	443	443	161
0	142	446	446	446	162
0	143	449	449	449	163
0	144	452	452	452	164
0	145	455	455	455	165
0	146	458	458	458	166
0	147	461	461	461	167
0	148	464	464	464	168
0	149	467	467	467	169
0	150	470	470	470	170
0	151	473	473	473	171
0	152	476	476	476	172
0	153	479	479	479	173
0	154	482	482	482	174
0	155	485	485	485	175
0	156	488	488	488	176
0	157	491	491	491	177
0	158	494	494	494	178
0	159	497	497	497	179
0	160	500	500	500	180
0	161	503	503	503	181
0	162	506	506	506	182
0	163	509	509	509	183
0	164	512	512	512	184
0	165	515	515	515	185
0	166	518	518	518	186
0	167	521	521	521	187
0	168	524	524	524	188
0	169	527	527	527	189
0	170	530	530	530	190
0	171	533	533	533	191
0	172	536	536	536	192
0	173	539	539	539	193
0	174	542	542	542	194
0	175	545	545	545	195
0	176	548	548	548	196
0	177	551	551	551	197
0	178	554	554	554	198
0	179	557	557	557	199
0	180	560	560	560	200
0	181	563	563	563	201
0	182	566	566	566	202
0	183	569	569	569	203
0	184	572	572	572	204
0	185	575	575	575	205
0	186	578	578	578	206
0	187	581	581	581	207
0	188	584	584	584	208
0	189	587	587	587	209
0	190	590	590	590	210
0	191	593	593	593	211
0	192	596	596	596	212
0	193	599	599	599	213
0	194	602	602	602	214
0	195	605	605	605	215
0	196	608	608	608	216
0	197	611	611	611	217
0	198	614	614	614	218
0	199	617	617	617	219
0	200	620	620	620	220
1	1	23	23	23	21
1	2	26	26	26	22
1	3	29	29	29	23
1	4	32	32	32	24
1	5	35	35	35	25
1	6	38	38	38	26
1	7	41	41	41	27
1	8	44	44	44	28
1	9	47	47	47	29
1	10	50	50	50	30
1	11	53	53	53	31
1	12	56	56	56	32
1	13	59	59	59	33
1	14	62	62	62	34
1	15	65	65	65	35
1	16	68	68	68	36
1	17	71	71	71	37
1	18	74	74	74	38
1	19	77	77	77	39
1	20	80	80	80	40
1	21	83	83	83	41
1	22	86	86	86	42
1	23	89	89	89	43
1	24	92	92	92	44
1	25	95	95	95	45
1	26	98	98	98	46
1	27	101	101	101	47
1	28	104	104	104	48
1	29	107	107	107	49
1	30	110	110	110	50
1	31	113	113	113	51
1	32	116	116	116	52
1	33	119	119	119	53
1	34	122	122	122	54
1	35	125	125	125	55
1	36	128	128	128	56
1	37	131	131	131	57
1	38	134	134	134	58
1	39	137	137	137	59
1	40	140	140	140	60
1	41	143	143	143	61
1	42	146	146	146	62
1	43	149	149	149	63
1	44	152	152	152	64
1	45	155	155	155	65
1	46	158	158	158	66
1	47	161	161	161	67
1	48	164	164	164	68
1	49	167	167	167	69
1	50	170	170	170	70
1	51	173	173	173	71
1	52	176	176	176	72
1	53	179	179	179	73
1	54	182	182	182	74
1	55	185	185	185	75
1	56	188	188	188	76
1	57	191	191	191	77
1	58	194	194	194	78
1	59	197	197	197	79
1	60	200	200	200	80
1	61	203	203	203	81
1	62	206	206	206	82
1	63	209	209	209	83
1	64	212	212	212	84
1	65	215	215	215	85
1	66	218	218	218	86
1	67	221	221	221	87
1	68	224	224	224	88
1	69	227	227	227	89
1	70	230	230	230	90
1	71	233	233	233	91
1	72	236	236	236	92
1	73	239	239	239	93
1	74	242	242	242	94
1	75	245	245	245	95
1	76	248	248	248	96
1	77	251	251	251	97
1	78	254	254	254	98
1	79	257	257	257	99
1	80	260	260	260	100
1	81	263	263	263	101
1	82	266	266	266	102
1	83	269	269	269	103
1	84	272	272	272	104
1	85	275	275	275	105
1	86	278	278	278	106
1	87	281	281	281	107
1	88	284	284	284	108
1	89	287	287	287	109
1	90	290	290	290	110
1	91	293	293	293	111
1	92	296	296	296	112
1	93	299	299	299	113
1	94	302	302	302	114
1	95	305	305	305	115
1	96	308	308	308	116
1	97	311	311	311	117
1	98	314	314	314	118
1	99	317	317	317	119
1	100	320	320	320	120
1	101	323	323	323	121
1	102	326	326	326	122
1	103	329	329	329	123
1	104	332	332	332	124
1	105	335	335	335	125
1	106	338	338	338	126
1	107	341	341	341	127
1	108	344	344	344	128
1	109	347	347	347	129
1	110	350	350	350	130
1	111	353	353	353	131
1	112	356	356	356	132
1	113	359	359	359	133
1	114	362	362	362	134
1	115	365	365	365	135
1	116	368	368	368	136
1	117	371	371	371	137
1	118	374	374	374	138
1	119	377	377	377	139
1	120	380	380	380	140
1	121	383	383	383	141
1	122	386	386	386	142
1	123	389	389	389	143
1	124	392	392	392	144
1	125	395	395	395	145
1	126	398	398	398	146
1	127	401	401	401	147
1	128	404	404	404	148
1	129	407	407	407	149
1	130	410	410	410	150
1	131	413	413	413	151
1	132	416	416	416	152
1	133	419	419	419	153
1	134	422	422	422	154
1	135	425	425	425	155
1	136	428	428	428	156
1	137	431	431	431	157
1	138	434	434	434	158
1	139	437	437	437	159
1	140	440	440	440	160
1	141	443	443	443	161
1	142	446	446	446	162
1	143	449	449	449	163
1	144	452	452	452	164
1	145	455	455	455	165
1	146	458	458	458	166
1	147	461	461	461	167
1	148	464	464	464	168
1	149	467	467	467	169
1	150	470	470	470	170
1	151	473	473	473	171
1	152	476	476	476	172
1	153	479	479	479	173
1	154	482	482	482	174
1	155	485	485	485	175
1	156	488	488	488	176
1	157	491	491	491	177
1	158	494	494	494	178
1	159	497	497	497	179
1	160	500	500	500	180
1	161	503	503	503	181
1	162	506	506	506	182
1	163	509	509	509	183
1	164	512	512	512	184
1	165	515	515	515	185
1	166	518	518	518	186
1	167	521	521	521	187
1	168	524	524	524	188
1	169	527	527	527	189
1	170	530	530	530	190
1	171	533	533	533	191
1	172	536	536	536	192
1	173	539	539	539	193
1	174	542	542	542	194
1	175	545	545	545	195
1	176	548	548	548	196
1	177	551	551	551	197
1	178	554	554	554	198
1	179	557	557	557	199
1	180	560	560	560	200
1	181	563	563	563	201
1	182	566	566	566	202
1	183	569	569	569	203
1	184	572	572	572	204
1	185	575	575	575	205
1	186	578	578	578	206
1	187	581	581	581	207
1	188	584	584	584	208
1	189	587	587	587	209
1	190	590	590	590	210
1	191	593	593	593	211
1	192	596	596	596	212
1	193	599	599	599	213
1	194	602	602	602	214
1	195	605	605	605	215
1	196	608	608	608	216
1	197	611	611	611	217
1	198	614	614	614	218
1	199	617	617	617	219
1	200	620	620	620	220
2	1	24	22	22	22
2	2	28	24	24	24
2	3	32	26	26	26
2	4	36	28	28	28
2	5	40	30	30	30
2	6	44	32	32	32
2	7	48	34	34	34
2	8	52	36	36	36
2	9	56	38	38	38
2	10	60	40	40	40
2	11	64	42	42	42
2	12	68	44	44	44
2	13	72	46	46	46
2	14	76	48	48	48
2	15	80	50	50	50
2	16	84	52	52	52
2	17	88	54	54	54
2	18	92	56	56	56
2	19	96	58	58	58
2	20	100	60	60	60
2	21	104	62	62	62
2	22	108	64	64	64
2	23	112	66	66	66
2	24	116	68	68	68
2	25	120	70	70	70
2	26	124	72	72	72
2	27	128	74	74	74
2	28	132	76	76	76
2	29	136	78	78	78
2	30	140	80	80	80
2	31	144	82	82	82
2	32	148	84	84	84
2	33	152	86	86	86
2	34	156	88	88	88
2	35	160	90	90	90
2	36	164	92	92	92
2	37	168	94	94	94
2	38	172	96	96	96
2	39	176	98	98	98
2	40	180	100	100	100
2	41	184	102	102	102
2	42	188	104	104	104
2	43	192	106	106	106
2	44	196	108	108	108
2	45	200	110	110	110
2	46	204	112	112	112
2	47	208	114	114	114
2	48	212	116	116	116
2	49	216	118	118	118
2	50	220	120	120	120
2	51	224	122	122	122
2	52	228	124	124	124
2	53	232	126	126	126
2	54	236	128	128	128
2	55	240	130	130	130
2	56	244	132	132	132
2	57	248	134	134	134
2	58	252	136	136	136
2	59	256	138	138	138
2	60	260	140	140	140
2	61	264	142	142	142
2	62	268	144	144	144
2	63	272	146	146	146
2	64	276	148	148	148
2	65	280	150	150	150
2	66	284	152	152	152
2	67	288	154	154	154
2	68	292	156	156	156
2	69	296	158	158	158
2	70	300	160	160	160
2	71	304	162	162	162
2	72	308	164	164	164
2	73	312	166	166	166
2	74	316	168	168	168
2	75	320	170	170	170
2	76	324	172	172	172
2	77	328	174	174	174
2	78	332	176	176	176
2	79	336	178	178	178
2	80	340	180	180	180
2	81	344	182	182	182
2	82	348	184	184	184
2	83	352	186	186	186
2	84	356	188	188	188
2	85	360	190	190	190
2	86	364	192	192	192
2	87	368	194	194	194
2	88	372	196	196	196
2	89	376	198	198	198
2	90	380	200	200	200
2	91	384	202	202	202
2	92	388	204	204	204
2	93	392	206	206	206
2	94	396	208	208	208
2	95	400	210	210	210
2	96	404	212	212	212
2	97	408	214	214	214
2	98	412	216	216	216
2	99	416	218	218	218
2	100	420	220	220	220
2	101	424	222	222	222
2	102	428	224	224	224
2	103	432	226	226	226
2	104	436	228	228	228
2	105	440	230	230	230
2	106	444	232	232	232
2	107	448	234	234	234
2	108	452	236	236	236
2	109	456	238	238	238
2	110	460	240	240	240
2	111	464	242	242	242
2	112	468	244	244	244
2	113	472	246	246	246
2	114	476	248	248	248
2	115	480	250	250	250
2	116	484	252	252	252
2	117	488	254	254	254
2	118	492	256	256	256
2	119	496	258	258	258
2	120	500	260	260	260
2	121	504	262	262	262
2	122	508	264	264	264
2	123	512	266	266	266
2	124	516	268	268	268
2	125	520	270	270	270
2	126	524	272	272	272
2	127	528	274	274	274
2	128	532	276	276	276
2	129	536	278	278	278
2	130	540	280	280	280
2	131	544	282	282	282
2	132	548	284	284	284
2	133	552	286	286	286
2	134	556	288	288	288
2	135	560	290	290	290
2	136	564	292	292	292
2	137	568	294	294	294
2	138	572	296	296	296
2	139	576	298	298	298
2	140	580	300	300	300
2	141	584	302	302	302
2	142	588	304	304	304
2	143	592	306	306	306
2	144	596	308	308	308
2	145	600	310	310	310
2	146	604	312	312	312
2	147	608	314	314	314
2	148	612	316	316	316
2	149	616	318	318	318
2	150	620	320	320	320
2	151	624	322	322	322
2	152	628	324	324	324
2	153	632	326	326	326
2	154	636	328	328	328
2	155	640	330	330	330
2	156	644	332	332	332
2	157	648	334	334	334
2	158	652	336	336	336
2	159	656	338	338	338
2	160	660	340	340	340
2	161	664	342	342	342
2	162	668	344	344	344
2	163	672	346	346	346
2	164	676	348	348	348
2	165	680	350	350	350
2	166	684	352	352	352
2	167	688	354	354	354
2	168	692	356	356	356
2	169	696	358	358	358
2	170	700	360	360	360
2	171	704	362	362	362
2	172	708	364	364	364
2	173	712	366	366	366
2	174	716	368	368	368
2	175	720	370	370	370
2	176	724	372	372	372
2	177	728	374	374	374
2	178	732	376	376	376
2	179	736	378	378	378
2	180	740	380	380	380
2	181	744	382	382	382
2	182	748	384	384	384
2	183	752	386	386	386
2	184	756	388	388	388
2	185	760	390	390	390
2	186	764	392	392	392
2	187	768	394	394	394
2	188	772	396	396	396
2	189	776	398	398	398
2	190	780	400	400	400
2	191	784	402	402	402
2	192	788	404	404	404
2	193	792	406	406	406
2	194	796	408	408	408
2	195	800	410	410	410
2	196	804	412	412	412
2	197	808	414	414	414
2	198	812	416	416	416
2	199	816	418	418	418
2	200	820	420	420	420
3	1	22	24	21	23
3	2	24	28	22	26
3	3	26	32	23	29
3	4	28	36	24	32
3	5	30	40	25	35
3	6	32	44	26	38
3	7	34	48	27	41
3	8	36	52	28	44
3	9	38	56	29	47
3	10	40	60	30	50
3	11	42	64	31	53
3	12	44	68	32	56
3	13	46	72	33	59
3	14	48	76	34	62
3	15	50	80	35	65
3	16	52	84	36	68
3	17	54	88	37	71
3	18	56	92	38	74
3	19	58	96	39	77
3	20	60	100	40	80
3	21	62	104	41	83
3	22	64	108	42	86
3	23	66	112	43	89
3	24	68	116	44	92
3	25	70	120	45	95
3	26	72	124	46	98
3	27	74	128	47	101
3	28	76	132	48	104
3	29	78	136	49	107
3	30	80	140	50	110
3	31	82	144	51	113
3	32	84	148	52	116
3	33	86	152	53	119
3	34	88	156	54	122
3	35	90	160	55	125
3	36	92	164	56	128
3	37	94	168	57	131
3	38	96	172	58	134
3	39	98	176	59	137
3	40	100	180	60	140
3	41	102	184	61	143
3	42	104	188	62	146
3	43	106	192	63	149
3	44	108	196	64	152
3	45	110	200	65	155
3	46	112	204	66	158
3	47	114	208	67	161
3	48	116	212	68	164
3	49	118	216	69	167
3	50	120	220	70	170
3	51	122	224	71	173
3	52	124	228	72	176
3	53	126	232	73	179
3	54	128	236	74	182
3	55	130	240	75	185
3	56	132	244	76	188
3	57	134	248	77	191
3	58	136	252	78	194
3	59	138	256	79	197
3	60	140	260	80	200
3	61	142	264	81	203
3	62	144	268	82	206
3	63	146	272	83	209
3	64	148	276	84	212
3	65	150	280	85	215
3	66	152	284	86	218
3	67	154	288	87	221
3	68	156	292	88	224
3	69	158	296	89	227
3	70	160	300	90	230
3	71	162	304	91	233
3	72	164	308	92	236
3	73	166	312	93	239
3	74	168	316	94	242
3	75	170	320	95	245
3	76	172	324	96	248
3	77	174	328	97	251
3	78	176	332	98	254
3	79	178	336	99	257
3	80	180	340	100	260
3	81	182	344	101	263
3	82	184	348	102	266
3	83	186	352	103	269
3	84	188	356	104	272
3	85	190	360	105	275
3	86	192	364	106	278
3	87	194	368	107	281
3	88	196	372	108	284
3	89	198	376	109	287
3	90	200	380	110	290
3	91	202	384	111	293
3	92	204	388	112	296
3	93	206	392	113	299
3	94	208	396	114	302
3	95	210	400	115	305
3	96	212	404	116	308
3	97	214	408	117	311
3	98	216	412	118	314
3	99	218	416	119	317
3	100	220	420	120	320
3	101	222	424	121	323
3	102	224	428	122	326
3	103	226	432	123	329
3	104	228	436	124	332
3	105	230	440	125	335
3	106	232	444	126	338
3	107	234	448	127	341
3	108	236	452	128	344
3	109	238	456	129	347
3	110	240	460	130	350
3	111	242	464	131	353
3	112	244	468	132	356
3	113	246	472	133	359
3	114	248	476	134	362
3	115	250	480	135	365
3	116	252	484	136	368
3	117	254	488	137	371
3	118	256	492	138	374
3	119	258	496	139	377
3	120	260	500	140	380
3	121	262	504	141	383
3	122	264	508	142	386
3	123	266	512	143	389
3	124	268	516	144	392
3	125	270	520	145	395
3	126	272	524	146	398
3	127	274	528	147	401
3	128	276	532	148	404
3	129	278	536	149	407
3	130	280	540	150	410
3	131	282	544	151	413
3	132	284	548	152	416
3	133	286	552	153	419
3	134	288	556	154	422
3	135	290	560	155	425
3	136	292	564	156	428
3	137	294	568	157	431
3	138	296	572	158	434
3	139	298	576	159	437
3	140	300	580	160	440
3	141	302	584	161	443
3	142	304	588	162	446
3	143	306	592	163	449
3	144	308	596	164	452
3	145	310	600	165	455
3	146	312	604	166	458
3	147	314	608	167	461
3	148	316	612	168	464
3	149	318	616	169	467
3	150	320	620	170	470
3	151	322	624	171	473
3	152	324	628	172	476
3	153	326	632	173	479
3	154	328	636	174	482
3	155	330	640	175	485
3	156	332	644	176	488
3	157	334	648	177	491
3	158	336	652	178	494
3	159	338	656	179	497
3	160	340	660	180	500
3	161	342	664	181	503
3	162	344	668	182	506
3	163	346	672	183	509
3	164	348	676	184	512
3	165	350	680	185	515
3	166	352	684	186	518
3	167	354	688	187	521
3	168	356	692	188	524
3	169	358	696	189	527
3	170	360	700	190	530
3	171	362	704	191	533
3	172	364	708	192	536
3	173	366	712	193	539
3	174	368	716	194	542
3	175	370	720	195	545
3	176	372	724	196	548
3	177	374	728	197	551
3	178	376	732	198	554
3	179	378	736	199	557
3	180	380	740	200	560
3	181	382	744	201	563
3	182	384	748	202	566
3	183	386	752	203	569
3	184	388	756	204	572
3	185	390	760	205	575
3	186	392	764	206	578
3	187	394	768	207	581
3	188	396	772	208	584
3	189	398	776	209	587
3	190	400	780	210	590
3	191	402	784	211	593
3	192	404	788	212	596
3	193	406	792	213	599
3	194	408	796	214	602
3	195	410	800	215	605
3	196	412	804	216	608
3	197	414	808	217	611
3	198	416	812	218	614
3	199	418	816	219	617
3	200	420	820	220	620
4	1	22	23	22	23
4	2	24	26	24	26
4	3	26	29	26	29
4	4	28	32	28	32
4	5	30	35	30	35
4	6	32	38	32	38
4	7	34	41	34	41
4	8	36	44	36	44
4	9	38	47	38	47
4	10	40	50	40	50
4	11	42	53	42	53
4	12	44	56	44	56
4	13	46	59	46	59
4	14	48	62	48	62
4	15	50	65	50	65
4	16	52	68	52	68
4	17	54	71	54	71
4	18	56	74	56	74
4	19	58	77	58	77
4	20	60	80	60	80
4	21	62	83	62	83
4	22	64	86	64	86
4	23	66	89	66	89
4	24	68	92	68	92
4	25	70	95	70	95
4	26	72	98	72	98
4	27	74	101	74	101
4	28	76	104	76	104
4	29	78	107	78	107
4	30	80	110	80	110
4	31	82	113	82	113
4	32	84	116	84	116
4	33	86	119	86	119
4	34	88	122	88	122
4	35	90	125	90	125
4	36	92	128	92	128
4	37	94	131	94	131
4	38	96	134	96	134
4	39	98	137	98	137
4	40	100	140	100	140
4	41	102	143	102	143
4	42	104	146	104	146
4	43	106	149	106	149
4	44	108	152	108	152
4	45	110	155	110	155
4	46	112	158	112	158
4	47	114	161	114	161
4	48	116	164	116	164
4	49	118	167	118	167
4	50	120	170	120	170
4	51	122	173	122	173
4	52	124	176	124	176
4	53	126	179	126	179
4	54	128	182	128	182
4	55	130	185	130	185
4	56	132	188	132	188
4	57	134	191	134	191
4	58	136	194	136	194
4	59	138	197	138	197
4	60	140	200	140	200
4	61	142	203	142	203
4	62	144	206	144	206
4	63	146	209	146	209
4	64	148	212	148	212
4	65	150	215	150	215
4	66	152	218	152	218
4	67	154	221	154	221
4	68	156	224	156	224
4	69	158	227	158	227
4	70	160	230	160	230
4	71	162	233	162	233
4	72	164	236	164	236
4	73	166	239	166	239
4	74	168	242	168	242
4	75	170	245	170	245
4	76	172	248	172	248
4	77	174	251	174	251
4	78	176	254	176	254
4	79	178	257	178	257
4	80	180	260	180	260
4	81	182	263	182	263
4	82	184	266	184	266
4	83	186	269	186	269
4	84	188	272	188	272
4	85	190	275	190	275
4	86	192	278	192	278
4	87	194	281	194	281
4	88	196	284	196	284
4	89	198	287	198	287
4	90	200	290	200	290
4	91	202	293	202	293
4	92	204	296	204	296
4	93	206	299	206	299
4	94	208	302	208	302
4	95	210	305	210	305
4	96	212	308	212	308
4	97	214	311	214	311
4	98	216	314	216	314
4	99	218	317	218	317
4	100	220	320	220	320
4	101	222	323	222	323
4	102	224	326	224	326
4	103	226	329	226	329
4	104	228	332	228	332
4	105	230	335	230	335
4	106	232	338	232	338
4	107	234	341	234	341
4	108	236	344	236	344
4	109	238	347	238	347
4	110	240	350	240	350
4	111	242	353	242	353
4	112	244	356	244	356
4	113	246	359	246	359
4	114	248	362	248	362
4	115	250	365	250	365
4	116	252	368	252	368
4	117	254	371	254	371
4	118	256	374	256	374
4	119	258	377	258	377
4	120	260	380	260	380
4	121	262	383	262	383
4	122	264	386	264	386
4	123	266	389	266	389
4	124	268	392	268	392
4	125	270	395	270	395
4	126	272	398	272	398
4	127	274	401	274	401
4	128	276	404	276	404
4	129	278	407	278	407
4	130	280	410	280	410
4	131	282	413	282	413
4	132	284	416	284	416
4	133	286	419	286	419
4	134	288	422	288	422
4	135	290	425	290	425
4	136	292	428	292	428
4	137	294	431	294	431
4	138	296	434	296	434
4	139	298	437	298	437
4	140	300	440	300	440
4	141	302	443	302	443
4	142	304	446	304	446
4	143	306	449	306	449
4	144	308	452	308	452
4	145	310	455	310	455
4	146	312	458	312	458
4	147	314	461	314	461
4	148	316	464	316	464
4	149	318	467	318	467
4	150	320	470	320	470
4	151	322	473	322	473
4	152	324	476	324	476
4	153	326	479	326	479
4	154	328	482	328	482
4	155	330	485	330	485
4	156	332	488	332	488
4	157	334	491	334	491
4	158	336	494	336	494
4	159	338	497	338	497
4	160	340	500	340	500
4	161	342	503	342	503
4	162	344	506	344	506
4	163	346	509	346	509
4	164	348	512	348	512
4	165	350	515	350	515
4	166	352	518	352	518
4	167	354	521	354	521
4	168	356	524	356	524
4	169	358	527	358	527
4	170	360	530	360	530
4	171	362	533	362	533
4	172	364	536	364	536
4	173	366	539	366	539
4	174	368	542	368	542
4	175	370	545	370	545
4	176	372	548	372	548
4	177	374	551	374	551
4	178	376	554	376	554
4	179	378	557	378	557
4	180	380	560	380	560
4	181	382	563	382	563
4	182	384	566	384	566
4	183	386	569	386	569
4	184	388	572	388	572
4	185	390	575	390	575
4	186	392	578	392	578
4	187	394	581	394	581
4	188	396	584	396	584
4	189	398	587	398	587
4	190	400	590	400	590
4	191	402	593	402	593
4	192	404	596	404	596
4	193	406	599	406	599
4	194	408	602	408	602
4	195	410	605	410	605
4	196	412	608	412	608
4	197	414	611	414	611
4	198	416	614	416	614
4	199	418	617	418	617
4	200	420	620	420	620
5	1	22	23	23	22
5	2	24	26	26	24
5	3	26	29	29	26
5	4	28	32	32	28
5	5	30	35	35	30
5	6	32	38	38	32
5	7	34	41	41	34
5	8	36	44	44	36
5	9	38	47	47	38
5	10	40	50	50	40
5	11	42	53	53	42
5	12	44	56	56	44
5	13	46	59	59	46
5	14	48	62	62	48
5	15	50	65	65	50
5	16	52	68	68	52
5	17	54	71	71	54
5	18	56	74	74	56
5	19	58	77	77	58
5	20	60	80	80	60
5	21	62	83	83	62
5	22	64	86	86	64
5	23	66	89	89	66
5	24	68	92	92	68
5	25	70	95	95	70
5	26	72	98	98	72
5	27	74	101	101	74
5	28	76	104	104	76
5	29	78	107	107	78
5	30	80	110	110	80
5	31	82	113	113	82
5	32	84	116	116	84
5	33	86	119	119	86
5	34	88	122	122	88
5	35	90	125	125	90
5	36	92	128	128	92
5	37	94	131	131	94
5	38	96	134	134	96
5	39	98	137	137	98
5	40	100	140	140	100
5	41	102	143	143	102
5	42	104	146	146	104
5	43	106	149	149	106
5	44	108	152	152	108
5	45	110	155	155	110
5	46	112	158	158	112
5	47	114	161	161	114
5	48	116	164	164	116
5	49	118	167	167	118
5	50	120	170	170	120
5	51	122	173	173	122
5	52	124	176	176	124
5	53	126	179	179	126
5	54	128	182	182	128
5	55	130	185	185	130
5	56	132	188	188	132
5	57	134	191	191	134
5	58	136	194	194	136
5	59	138	197	197	138
5	60	140	200	200	140
5	61	142	203	203	142
5	62	144	206	206	144
5	63	146	209	209	146
5	64	148	212	212	148
5	65	150	215	215	150
5	66	152	218	218	152
5	67	154	221	221	154
5	68	156	224	224	156
5	69	158	227	227	158
5	70	160	230	230	160
5	71	162	233	233	162
5	72	164	236	236	164
5	73	166	239	239	166
5	74	168	242	242	168
5	75	170	245	245	170
5	76	172	248	248	172
5	77	174	251	251	174
5	78	176	254	254	176
5	79	178	257	257	178
5	80	180	260	260	180
5	81	182	263	263	182
5	82	184	266	266	184
5	83	186	269	269	186
5	84	188	272	272	188
5	85	190	275	275	190
5	86	192	278	278	192
5	87	194	281	281	194
5	88	196	284	284	196
5	89	198	287	287	198
5	90	200	290	290	200
5	91	202	293	293	202
5	92	204	296	296	204
5	93	206	299	299	206
5	94	208	302	302	208
5	95	210	305	305	210
5	96	212	308	308	212
5	97	214	311	311	214
5	98	216	314	314	216
5	99	218	317	317	218
5	100	220	320	320	220
5	101	222	323	323	222
5	102	224	326	326	224
5	103	226	329	329	226
5	104	228	332	332	228
5	105	230	335	335	230
5	106	232	338	338	232
5	107	234	341	341	234
5	108	236	344	344	236
5	109	238	347	347	238
5	110	240	350	350	240
5	111	242	353	353	242
5	112	244	356	356	244
5	113	246	359	359	246
5	114	248	362	362	248
5	115	250	365	365	250
5	116	252	368	368	252
5	117	254	371	371	254
5	118	256	374	374	256
5	119	258	377	377	258
5	120	260	380	380	260
5	121	262	383	383	262
5	122	264	386	386	264
5	123	266	389	389	266
5	124	268	392	392	268
5	125	270	395	395	270
5	126	272	398	398	272
5	127	274	401	401	274
5	128	276	404	404	276
5	129	278	407	407	278
5	130	280	410	410	280
5	131	282	413	413	282
5	132	284	416	416	284
5	133	286	419	419	286
5	134	288	422	422	288
5	135	290	425	425	290
5	136	292	428	428	292
5	137	294	431	431	294
5	138	296	434	434	296
5	139	298	437	437	298
5	140	300	440	440	300
5	141	302	443	443	302
5	142	304	446	446	304
5	143	306	449	449	306
5	144	308	452	452	308
5	145	310	455	455	310
5	146	312	458	458	312
5	147	314	461	461	314
5	148	316	464	464	316
5	149	318	467	467	318
5	150	320	470	470	320
5	151	322	473	473	322
5	152	324	476	476	324
5	153	326	479	479	326
5	154	328	482	482	328
5	155	330	485	485	330
5	156	332	488	488	332
5	157	334	491	491	334
5	158	336	494	494	336
5	159	338	497	497	338
5	160	340	500	500	340
5	161	342	503	503	342
5	162	344	506	506	344
5	163	346	509	509	346
5	164	348	512	512	348
5	165	350	515	515	350
5	166	352	518	518	352
5	167	354	521	521	354
5	168	356	524	524	356
5	169	358	527	527	358
5	170	360	530	530	360
5	171	362	533	533	362
5	172	364	536	536	364
5	173	366	539	539	366
5	174	368	542	542	368
5	175	370	545	545	370
5	176	372	548	548	372
5	177	374	551	551	374
5	178	376	554	554	376
5	179	378	557	557	378
5	180	380	560	560	380
5	181	382	563	563	382
5	182	384	566	566	384
5	183	386	569	569	386
5	184	388	572	572	388
5	185	390	575	575	390
5	186	392	578	578	392
5	187	394	581	581	394
5	188	396	584	584	396
5	189	398	587	587	398
5	190	400	590	590	400
5	191	402	593	593	402
5	192	404	596	596	404
5	193	406	599	599	406
5	194	408	602	602	408
5	195	410	605	605	410
5	196	412	608	608	412
5	197	414	611	611	414
5	198	416	614	614	416
5	199	418	617	617	418
5	200	420	620	620	420
6	1	22	22	22	24
6	2	24	24	24	28
6	3	26	26	26	32
6	4	28	28	28	36
6	5	30	30	30	40
6	6	32	32	32	44
6	7	34	34	34	48
6	8	36	36	36	52
6	9	38	38	38	56
6	10	40	40	40	60
6	11	42	42	42	64
6	12	44	44	44	68
6	13	46	46	46	72
6	14	48	48	48	76
6	15	50	50	50	80
6	16	52	52	52	84
6	17	54	54	54	88
6	18	56	56	56	92
6	19	58	58	58	96
6	20	60	60	60	100
6	21	62	62	62	104
6	22	64	64	64	108
6	23	66	66	66	112
6	24	68	68	68	116
6	25	70	70	70	120
6	26	72	72	72	124
6	27	74	74	74	128
6	28	76	76	76	132
6	29	78	78	78	136
6	30	80	80	80	140
6	31	82	82	82	144
6	32	84	84	84	148
6	33	86	86	86	152
6	34	88	88	88	156
6	35	90	90	90	160
6	36	92	92	92	164
6	37	94	94	94	168
6	38	96	96	96	172
6	39	98	98	98	176
6	40	100	100	100	180
6	41	102	102	102	184
6	42	104	104	104	188
6	43	106	106	106	192
6	44	108	108	108	196
6	45	110	110	110	200
6	46	112	112	112	204
6	47	114	114	114	208
6	48	116	116	116	212
6	49	118	118	118	216
6	50	120	120	120	220
6	51	122	122	122	224
6	52	124	124	124	228
6	53	126	126	126	232
6	54	128	128	128	236
6	55	130	130	130	240
6	56	132	132	132	244
6	57	134	134	134	248
6	58	136	136	136	252
6	59	138	138	138	256
6	60	140	140	140	260
6	61	142	142	142	264
6	62	144	144	144	268
6	63	146	146	146	272
6	64	148	148	148	276
6	65	150	150	150	280
6	66	152	152	152	284
6	67	154	154	154	288
6	68	156	156	156	292
6	69	158	158	158	296
6	70	160	160	160	300
6	71	162	162	162	304
6	72	164	164	164	308
6	73	166	166	166	312
6	74	168	168	168	316
6	75	170	170	170	320
6	76	172	172	172	324
6	77	174	174	174	328
6	78	176	176	176	332
6	79	178	178	178	336
6	80	180	180	180	340
6	81	182	182	182	344
6	82	184	184	184	348
6	83	186	186	186	352
6	84	188	188	188	356
6	85	190	190	190	360
6	86	192	192	192	364
6	87	194	194	194	368
6	88	196	196	196	372
6	89	198	198	198	376
6	90	200	200	200	380
6	91	202	202	202	384
6	92	204	204	204	388
6	93	206	206	206	392
6	94	208	208	208	396
6	95	210	210	210	400
6	96	212	212	212	404
6	97	214	214	214	408
6	98	216	216	216	412
6	99	218	218	218	416
6	100	220	220	220	420
6	101	222	222	222	424
6	102	224	224	224	428
6	103	226	226	226	432
6	104	228	228	228	436
6	105	230	230	230	440
6	106	232	232	232	444
6	107	234	234	234	448
6	108	236	236	236	452
6	109	238	238	238	456
6	110	240	240	240	460
6	111	242	242	242	464
6	112	244	244	244	468
6	113	246	246	246	472
6	114	248	248	248	476
6	115	250	250	250	480
6	116	252	252	252	484
6	117	254	254	254	488
6	118	256	256	256	492
6	119	258	258	258	496
6	120	260	260	260	500
6	121	262	262	262	504
6	122	264	264	264	508
6	123	266	266	266	512
6	124	268	268	268	516
6	125	270	270	270	520
6	126	272	272	272	524
6	127	274	274	274	528
6	128	276	276	276	532
6	129	278	278	278	536
6	130	280	280	280	540
6	131	282	282	282	544
6	132	284	284	284	548
6	133	286	286	286	552
6	134	288	288	288	556
6	135	290	290	290	560
6	136	292	292	292	564
6	137	294	294	294	568
6	138	296	296	296	572
6	139	298	298	298	576
6	140	300	300	300	580
6	141	302	302	302	584
6	142	304	304	304	588
6	143	306	306	306	592
6	144	308	308	308	596
6	145	310	310	310	600
6	146	312	312	312	604
6	147	314	314	314	608
6	148	316	316	316	612
6	149	318	318	318	616
6	150	320	320	320	620
6	151	322	322	322	624
6	152	324	324	324	628
6	153	326	326	326	632
6	154	328	328	328	636
6	155	330	330	330	640
6	156	332	332	332	644
6	157	334	334	334	648
6	158	336	336	336	652
6	159	338	338	338	656
6	160	340	340	340	660
6	161	342	342	342	664
6	162	344	344	344	668
6	163	346	346	346	672
6	164	348	348	348	676
6	165	350	350	350	680
6	166	352	352	352	684
6	167	354	354	354	688
6	168	356	356	356	692
6	169	358	358	358	696
6	170	360	360	360	700
6	171	362	362	362	704
6	172	364	364	364	708
6	173	366	366	366	712
6	174	368	368	368	716
6	175	370	370	370	720
6	176	372	372	372	724
6	177	374	374	374	728
6	178	376	376	376	732
6	179	378	378	378	736
6	180	380	380	380	740
6	181	382	382	382	744
6	182	384	384	384	748
6	183	386	386	386	752
6	184	388	388	388	756
6	185	390	390	390	760
6	186	392	392	392	764
6	187	394	394	394	768
6	188	396	396	396	772
6	189	398	398	398	776
6	190	400	400	400	780
6	191	402	402	402	784
6	192	404	404	404	788
6	193	406	406	406	792
6	194	408	408	408	796
6	195	410	410	410	800
6	196	412	412	412	804
6	197	414	414	414	808
6	198	416	416	416	812
6	199	418	418	418	816
6	200	420	420	420	820
7	1	25	22	21	22
7	2	30	24	22	24
7	3	35	26	23	26
7	4	40	28	24	28
7	5	45	30	25	30
7	6	50	32	26	32
7	7	55	34	27	34
7	8	60	36	28	36
7	9	65	38	29	38
7	10	70	40	30	40
7	11	75	42	31	42
7	12	80	44	32	44
7	13	85	46	33	46
7	14	90	48	34	48
7	15	95	50	35	50
7	16	100	52	36	52
7	17	105	54	37	54
7	18	110	56	38	56
7	19	115	58	39	58
7	20	120	60	40	60
7	21	125	62	41	62
7	22	130	64	42	64
7	23	135	66	43	66
7	24	140	68	44	68
7	25	145	70	45	70
7	26	150	72	46	72
7	27	155	74	47	74
7	28	160	76	48	76
7	29	165	78	49	78
7	30	170	80	50	80
7	31	175	82	51	82
7	32	180	84	52	84
7	33	185	86	53	86
7	34	190	88	54	88
7	35	195	90	55	90
7	36	200	92	56	92
7	37	205	94	57	94
7	38	210	96	58	96
7	39	215	98	59	98
7	40	220	100	60	100
7	41	225	102	61	102
7	42	230	104	62	104
7	43	235	106	63	106
7	44	240	108	64	108
7	45	245	110	65	110
7	46	250	112	66	112
7	47	255	114	67	114
7	48	260	116	68	116
7	49	265	118	69	118
7	50	270	120	70	120
7	51	275	122	71	122
7	52	280	124	72	124
7	53	285	126	73	126
7	54	290	128	74	128
7	55	295	130	75	130
7	56	300	132	76	132
7	57	305	134	77	134
7	58	310	136	78	136
7	59	315	138	79	138
7	60	320	140	80	140
7	61	325	142	81	142
7	62	330	144	82	144
7	63	335	146	83	146
7	64	340	148	84	148
7	65	345	150	85	150
7	66	350	152	86	152
7	67	355	154	87	154
7	68	360	156	88	156
7	69	365	158	89	158
7	70	370	160	90	160
7	71	375	162	91	162
7	72	380	164	92	164
7	73	385	166	93	166
7	74	390	168	94	168
7	75	395	170	95	170
7	76	400	172	96	172
7	77	405	174	97	174
7	78	410	176	98	176
7	79	415	178	99	178
7	80	420	180	100	180
7	81	425	182	101	182
7	82	430	184	102	184
7	83	435	186	103	186
7	84	440	188	104	188
7	85	445	190	105	190
7	86	450	192	106	192
7	87	455	194	107	194
7	88	460	196	108	196
7	89	465	198	109	198
7	90	470	200	110	200
7	91	475	202	111	202
7	92	480	204	112	204
7	93	485	206	113	206
7	94	490	208	114	208
7	95	495	210	115	210
7	96	500	212	116	212
7	97	505	214	117	214
7	98	510	216	118	216
7	99	515	218	119	218
7	100	520	220	120	220
7	101	525	222	121	222
7	102	530	224	122	224
7	103	535	226	123	226
7	104	540	228	124	228
7	105	545	230	125	230
7	106	550	232	126	232
7	107	555	234	127	234
7	108	560	236	128	236
7	109	565	238	129	238
7	110	570	240	130	240
7	111	575	242	131	242
7	112	580	244	132	244
7	113	585	246	133	246
7	114	590	248	134	248
7	115	595	250	135	250
7	116	600	252	136	252
7	117	605	254	137	254
7	118	610	256	138	256
7	119	615	258	139	258
7	120	620	260	140	260
7	121	625	262	141	262
7	122	630	264	142	264
7	123	635	266	143	266
7	124	640	268	144	268
7	125	645	270	145	270
7	126	650	272	146	272
7	127	655	274	147	274
7	128	660	276	148	276
7	129	665	278	149	278
7	130	670	280	150	280
7	131	675	282	151	282
7	132	680	284	152	284
7	133	685	286	153	286
7	134	690	288	154	288
7	135	695	290	155	290
7	136	700	292	156	292
7	137	705	294	157	294
7	138	710	296	158	296
7	139	715	298	159	298
7	140	720	300	160	300
7	141	725	302	161	302
7	142	730	304	162	304
7	143	735	306	163	306
7	144	740	308	164	308
7	145	745	310	165	310
7	146	750	312	166	312
7	147	755	314	167	314
7	148	760	316	168	316
7	149	765	318	169	318
7	150	770	320	170	320
7	151	775	322	171	322
7	152	780	324	172	324
7	153	785	326	173	326
7	154	790	328	174	328
7	155	795	330	175	330
7	156	800	332	176	332
7	157	805	334	177	334
7	158	810	336	178	336
7	159	815	338	179	338
7	160	820	340	180	340
7	161	825	342	181	342
7	162	830	344	182	344
7	163	835	346	183	346
7	164	840	348	184	348
7	165	845	350	185	350
7	166	850	352	186	352
7	167	855	354	187	354
7	168	860	356	188	356
7	169	865	358	189	358
7	170	870	360	190	360
7	171	875	362	191	362
7	172	880	364	192	364
7	173	885	366	193	366
7	174	890	368	194	368
7	175	895	370	195	370
7	176	900	372	196	372
7	177	905	374	197	374
7	178	910	376	198	376
7	179	915	378	199	378
7	180	920	380	200	380
7	181	925	382	201	382
7	182	930	384	202	384
7	183	935	386	203	386
7	184	940	388	204	388
7	185	945	390	205	390
7	186	950	392	206	392
7	187	955	394	207	394
7	188	960	396	208	396
7	189	965	398	209	398
7	190	970	400	210	400
7	191	975	402	211	402
7	192	980	404	212	404
7	193	985	406	213	406
7	194	990	408	214	408
7	195	995	410	215	410
7	196	1000	412	216	412
7	197	1005	414	217	414
7	198	1010	416	218	416
7	199	1015	418	219	418
7	200	1020	420	220	420
8	1	23	21	23	23
8	2	26	22	26	26
8	3	29	23	29	29
8	4	32	24	32	32
8	5	35	25	35	35
8	6	38	26	38	38
8	7	41	27	41	41
8	8	44	28	44	44
8	9	47	29	47	47
8	10	50	30	50	50
8	11	53	31	53	53
8	12	56	32	56	56
8	13	59	33	59	59
8	14	62	34	62	62
8	15	65	35	65	65
8	16	68	36	68	68
8	17	71	37	71	71
8	18	74	38	74	74
8	19	77	39	77	77
8	20	80	40	80	80
8	21	83	41	83	83
8	22	86	42	86	86
8	23	89	43	89	89
8	24	92	44	92	92
8	25	95	45	95	95
8	26	98	46	98	98
8	27	101	47	101	101
8	28	104	48	104	104
8	29	107	49	107	107
8	30	110	50	110	110
8	31	113	51	113	113
8	32	116	52	116	116
8	33	119	53	119	119
8	34	122	54	122	122
8	35	125	55	125	125
8	36	128	56	128	128
8	37	131	57	131	131
8	38	134	58	134	134
8	39	137	59	137	137
8	40	140	60	140	140
8	41	143	61	143	143
8	42	146	62	146	146
8	43	149	63	149	149
8	44	152	64	152	152
8	45	155	65	155	155
8	46	158	66	158	158
8	47	161	67	161	161
8	48	164	68	164	164
8	49	167	69	167	167
8	50	170	70	170	170
8	51	173	71	173	173
8	52	176	72	176	176
8	53	179	73	179	179
8	54	182	74	182	182
8	55	185	75	185	185
8	56	188	76	188	188
8	57	191	77	191	191
8	58	194	78	194	194
8	59	197	79	197	197
8	60	200	80	200	200
8	61	203	81	203	203
8	62	206	82	206	206
8	63	209	83	209	209
8	64	212	84	212	212
8	65	215	85	215	215
8	66	218	86	218	218
8	67	221	87	221	221
8	68	224	88	224	224
8	69	227	89	227	227
8	70	230	90	230	230
8	71	233	91	233	233
8	72	236	92	236	236
8	73	239	93	239	239
8	74	242	94	242	242
8	75	245	95	245	245
8	76	248	96	248	248
8	77	251	97	251	251
8	78	254	98	254	254
8	79	257	99	257	257
8	80	260	100	260	260
8	81	263	101	263	263
8	82	266	102	266	266
8	83	269	103	269	269
8	84	272	104	272	272
8	85	275	105	275	275
8	86	278	106	278	278
8	87	281	107	281	281
8	88	284	108	284	284
8	89	287	109	287	287
8	90	290	110	290	290
8	91	293	111	293	293
8	92	296	112	296	296
8	93	299	113	299	299
8	94	302	114	302	302
8	95	305	115	305	305
8	96	308	116	308	308
8	97	311	117	311	311
8	98	314	118	314	314
8	99	317	119	317	317
8	100	320	120	320	320
8	101	323	121	323	323
8	102	326	122	326	326
8	103	329	123	329	329
8	104	332	124	332	332
8	105	335	125	335	335
8	106	338	126	338	338
8	107	341	127	341	341
8	108	344	128	344	344
8	109	347	129	347	347
8	110	350	130	350	350
8	111	353	131	353	353
8	112	356	132	356	356
8	113	359	133	359	359
8	114	362	134	362	362
8	115	365	135	365	365
8	116	368	136	368	368
8	117	371	137	371	371
8	118	374	138	374	374
8	119	377	139	377	377
8	120	380	140	380	380
8	121	383	141	383	383
8	122	386	142	386	386
8	123	389	143	389	389
8	124	392	144	392	392
8	125	395	145	395	395
8	126	398	146	398	398
8	127	401	147	401	401
8	128	404	148	404	404
8	129	407	149	407	407
8	130	410	150	410	410
8	131	413	151	413	413
8	132	416	152	416	416
8	133	419	153	419	419
8	134	422	154	422	422
8	135	425	155	425	425
8	136	428	156	428	428
8	137	431	157	431	431
8	138	434	158	434	434
8	139	437	159	437	437
8	140	440	160	440	440
8	141	443	161	443	443
8	142	446	162	446	446
8	143	449	163	449	449
8	144	452	164	452	452
8	145	455	165	455	455
8	146	458	166	458	458
8	147	461	167	461	461
8	148	464	168	464	464
8	149	467	169	467	467
8	150	470	170	470	470
8	151	473	171	473	473
8	152	476	172	476	476
8	153	479	173	479	479
8	154	482	174	482	482
8	155	485	175	485	485
8	156	488	176	488	488
8	157	491	177	491	491
8	158	494	178	494	494
8	159	497	179	497	497
8	160	500	180	500	500
8	161	503	181	503	503
8	162	506	182	506	506
8	163	509	183	509	509
8	164	512	184	512	512
8	165	515	185	515	515
8	166	518	186	518	518
8	167	521	187	521	521
8	168	524	188	524	524
8	169	527	189	527	527
8	170	530	190	530	530
8	171	533	191	533	533
8	172	536	192	536	536
8	173	539	193	539	539
8	174	542	194	542	542
8	175	545	195	545	545
8	176	548	196	548	548
8	177	551	197	551	551
8	178	554	198	554	554
8	179	557	199	557	557
8	180	560	200	560	560
8	181	563	201	563	563
8	182	566	202	566	566
8	183	569	203	569	569
8	184	572	204	572	572
8	185	575	205	575	575
8	186	578	206	578	578
8	187	581	207	581	581
8	188	584	208	584	584
8	189	587	209	587	587
8	190	590	210	590	590
8	191	593	211	593	593
8	192	596	212	596	596
8	193	599	213	599	599
8	194	602	214	602	602
8	195	605	215	605	605
8	196	608	216	608	608
8	197	611	217	611	611
8	198	614	218	614	614
8	199	617	219	617	617
8	200	620	220	620	620
9	1	21	22	22	25
9	2	22	24	24	30
9	3	23	26	26	35
9	4	24	28	28	40
9	5	25	30	30	45
9	6	26	32	32	50
9	7	27	34	34	55
9	8	28	36	36	60
9	9	29	38	38	65
9	10	30	40	40	70
9	11	31	42	42	75
9	12	32	44	44	80
9	13	33	46	46	85
9	14	34	48	48	90
9	15	35	50	50	95
9	16	36	52	52	100
9	17	37	54	54	105
9	18	38	56	56	110
9	19	39	58	58	115
9	20	40	60	60	120
9	21	41	62	62	125
9	22	42	64	64	130
9	23	43	66	66	135
9	24	44	68	68	140
9	25	45	70	70	145
9	26	46	72	72	150
9	27	47	74	74	155
9	28	48	76	76	160
9	29	49	78	78	165
9	30	50	80	80	170
9	31	51	82	82	175
9	32	52	84	84	180
9	33	53	86	86	185
9	34	54	88	88	190
9	35	55	90	90	195
9	36	56	92	92	200
9	37	57	94	94	205
9	38	58	96	96	210
9	39	59	98	98	215
9	40	60	100	100	220
9	41	61	102	102	225
9	42	62	104	104	230
9	43	63	106	106	235
9	44	64	108	108	240
9	45	65	110	110	245
9	46	66	112	112	250
9	47	67	114	114	255
9	48	68	116	116	260
9	49	69	118	118	265
9	50	70	120	120	270
9	51	71	122	122	275
9	52	72	124	124	280
9	53	73	126	126	285
9	54	74	128	128	290
9	55	75	130	130	295
9	56	76	132	132	300
9	57	77	134	134	305
9	58	78	136	136	310
9	59	79	138	138	315
9	60	80	140	140	320
9	61	81	142	142	325
9	62	82	144	144	330
9	63	83	146	146	335
9	64	84	148	148	340
9	65	85	150	150	345
9	66	86	152	152	350
9	67	87	154	154	355
9	68	88	156	156	360
9	69	89	158	158	365
9	70	90	160	160	370
9	71	91	162	162	375
9	72	92	164	164	380
9	73	93	166	166	385
9	74	94	168	168	390
9	75	95	170	170	395
9	76	96	172	172	400
9	77	97	174	174	405
9	78	98	176	176	410
9	79	99	178	178	415
9	80	100	180	180	420
9	81	101	182	182	425
9	82	102	184	184	430
9	83	103	186	186	435
9	84	104	188	188	440
9	85	105	190	190	445
9	86	106	192	192	450
9	87	107	194	194	455
9	88	108	196	196	460
9	89	109	198	198	465
9	90	110	200	200	470
9	91	111	202	202	475
9	92	112	204	204	480
9	93	113	206	206	485
9	94	114	208	208	490
9	95	115	210	210	495
9	96	116	212	212	500
9	97	117	214	214	505
9	98	118	216	216	510
9	99	119	218	218	515
9	100	120	220	220	520
9	101	121	222	222	525
9	102	122	224	224	530
9	103	123	226	226	535
9	104	124	228	228	540
9	105	125	230	230	545
9	106	126	232	232	550
9	107	127	234	234	555
9	108	128	236	236	560
9	109	129	238	238	565
9	110	130	240	240	570
9	111	131	242	242	575
9	112	132	244	244	580
9	113	133	246	246	585
9	114	134	248	248	590
9	115	135	250	250	595
9	116	136	252	252	600
9	117	137	254	254	605
9	118	138	256	256	610
9	119	139	258	258	615
9	120	140	260	260	620
9	121	141	262	262	625
9	122	142	264	264	630
9	123	143	266	266	635
9	124	144	268	268	640
9	125	145	270	270	645
9	126	146	272	272	650
9	127	147	274	274	655
9	128	148	276	276	660
9	129	149	278	278	665
9	130	150	280	280	670
9	131	151	282	282	675
9	132	152	284	284	680
9	133	153	286	286	685
9	134	154	288	288	690
9	135	155	290	290	695
9	136	156	292	292	700
9	137	157	294	294	705
9	138	158	296	296	710
9	139	159	298	298	715
9	140	160	300	300	720
9	141	161	302	302	725
9	142	162	304	304	730
9	143	163	306	306	735
9	144	164	308	308	740
9	145	165	310	310	745
9	146	166	312	312	750
9	147	167	314	314	755
9	148	168	316	316	760
9	149	169	318	318	765
9	150	170	320	320	770
9	151	171	322	322	775
9	152	172	324	324	780
9	153	173	326	326	785
9	154	174	328	328	790
9	155	175	330	330	795
9	156	176	332	332	800
9	157	177	334	334	805
9	158	178	336	336	810
9	159	179	338	338	815
9	160	180	340	340	820
9	161	181	342	342	825
9	162	182	344	344	830
9	163	183	346	346	835
9	164	184	348	348	840
9	165	185	350	350	845
9	166	186	352	352	850
9	167	187	354	354	855
9	168	188	356	356	860
9	169	189	358	358	865
9	170	190	360	360	870
9	171	191	362	362	875
9	172	192	364	364	880
9	173	193	366	366	885
9	174	194	368	368	890
9	175	195	370	370	895
9	176	196	372	372	900
9	177	197	374	374	905
9	178	198	376	376	910
9	179	199	378	378	915
9	180	200	380	380	920
9	181	201	382	382	925
9	182	202	384	384	930
9	183	203	386	386	935
9	184	204	388	388	940
9	185	205	390	390	945
9	186	206	392	392	950
9	187	207	394	394	955
9	188	208	396	396	960
9	189	209	398	398	965
9	190	210	400	400	970
9	191	211	402	402	975
9	192	212	404	404	980
9	193	213	406	406	985
9	194	214	408	408	990
9	195	215	410	410	995
9	196	216	412	412	1000
9	197	217	414	414	1005
9	198	218	416	416	1010
9	199	219	418	418	1015
9	200	220	420	420	1020
10	1	23	21	24	22
10	2	26	22	28	24
10	3	29	23	32	26
10	4	32	24	36	28
10	5	35	25	40	30
10	6	38	26	44	32
10	7	41	27	48	34
10	8	44	28	52	36
10	9	47	29	56	38
10	10	50	30	60	40
10	11	53	31	64	42
10	12	56	32	68	44
10	13	59	33	72	46
10	14	62	34	76	48
10	15	65	35	80	50
10	16	68	36	84	52
10	17	71	37	88	54
10	18	74	38	92	56
10	19	77	39	96	58
10	20	80	40	100	60
10	21	83	41	104	62
10	22	86	42	108	64
10	23	89	43	112	66
10	24	92	44	116	68
10	25	95	45	120	70
10	26	98	46	124	72
10	27	101	47	128	74
10	28	104	48	132	76
10	29	107	49	136	78
10	30	110	50	140	80
10	31	113	51	144	82
10	32	116	52	148	84
10	33	119	53	152	86
10	34	122	54	156	88
10	35	125	55	160	90
10	36	128	56	164	92
10	37	131	57	168	94
10	38	134	58	172	96
10	39	137	59	176	98
10	40	140	60	180	100
10	41	143	61	184	102
10	42	146	62	188	104
10	43	149	63	192	106
10	44	152	64	196	108
10	45	155	65	200	110
10	46	158	66	204	112
10	47	161	67	208	114
10	48	164	68	212	116
10	49	167	69	216	118
10	50	170	70	220	120
10	51	173	71	224	122
10	52	176	72	228	124
10	53	179	73	232	126
10	54	182	74	236	128
10	55	185	75	240	130
10	56	188	76	244	132
10	57	191	77	248	134
10	58	194	78	252	136
10	59	197	79	256	138
10	60	200	80	260	140
10	61	203	81	264	142
10	62	206	82	268	144
10	63	209	83	272	146
10	64	212	84	276	148
10	65	215	85	280	150
10	66	218	86	284	152
10	67	221	87	288	154
10	68	224	88	292	156
10	69	227	89	296	158
10	70	230	90	300	160
10	71	233	91	304	162
10	72	236	92	308	164
10	73	239	93	312	166
10	74	242	94	316	168
10	75	245	95	320	170
10	76	248	96	324	172
10	77	251	97	328	174
10	78	254	98	332	176
10	79	257	99	336	178
10	80	260	100	340	180
10	81	263	101	344	182
10	82	266	102	348	184
10	83	269	103	352	186
10	84	272	104	356	188
10	85	275	105	360	190
10	86	278	106	364	192
10	87	281	107	368	194
10	88	284	108	372	196
10	89	287	109	376	198
10	90	290	110	380	200
10	91	293	111	384	202
10	92	296	112	388	204
10	93	299	113	392	206
10	94	302	114	396	208
10	95	305	115	400	210
10	96	308	116	404	212
10	97	311	117	408	214
10	98	314	118	412	216
10	99	317	119	416	218
10	100	320	120	420	220
10	101	323	121	424	222
10	102	326	122	428	224
10	103	329	123	432	226
10	104	332	124	436	228
10	105	335	125	440	230
10	106	338	126	444	232
10	107	341	127	448	234
10	108	344	128	452	236
10	109	347	129	456	238
10	110	350	130	460	240
10	111	353	131	464	242
10	112	356	132	468	244
10	113	359	133	472	246
10	114	362	134	476	248
10	115	365	135	480	250
10	116	368	136	484	252
10	117	371	137	488	254
10	118	374	138	492	256
10	119	377	139	496	258
10	120	380	140	500	260
10	121	383	141	504	262
10	122	386	142	508	264
10	123	389	143	512	266
10	124	392	144	516	268
10	125	395	145	520	270
10	126	398	146	524	272
10	127	401	147	528	274
10	128	404	148	532	276
10	129	407	149	536	278
10	130	410	150	540	280
10	131	413	151	544	282
10	132	416	152	548	284
10	133	419	153	552	286
10	134	422	154	556	288
10	135	425	155	560	290
10	136	428	156	564	292
10	137	431	157	568	294
10	138	434	158	572	296
10	139	437	159	576	298
10	140	440	160	580	300
10	141	443	161	584	302
10	142	446	162	588	304
10	143	449	163	592	306
10	144	452	164	596	308
10	145	455	165	600	310
10	146	458	166	604	312
10	147	461	167	608	314
10	148	464	168	612	316
10	149	467	169	616	318
10	150	470	170	620	320
10	151	473	171	624	322
10	152	476	172	628	324
10	153	479	173	632	326
10	154	482	174	636	328
10	155	485	175	640	330
10	156	488	176	644	332
10	157	491	177	648	334
10	158	494	178	652	336
10	159	497	179	656	338
10	160	500	180	660	340
10	161	503	181	664	342
10	162	506	182	668	344
10	163	509	183	672	346
10	164	512	184	676	348
10	165	515	185	680	350
10	166	518	186	684	352
10	167	521	187	688	354
10	168	524	188	692	356
10	169	527	189	696	358
10	170	530	190	700	360
10	171	533	191	704	362
10	172	536	192	708	364
10	173	539	193	712	366
10	174	542	194	716	368
10	175	545	195	720	370
10	176	548	196	724	372
10	177	551	197	728	374
10	178	554	198	732	376
10	179	557	199	736	378
10	180	560	200	740	380
10	181	563	201	744	382
10	182	566	202	748	384
10	183	569	203	752	386
10	184	572	204	756	388
10	185	575	205	760	390
10	186	578	206	764	392
10	187	581	207	768	394
10	188	584	208	772	396
10	189	587	209	776	398
10	190	590	210	780	400
10	191	593	211	784	402
10	192	596	212	788	404
10	193	599	213	792	406
10	194	602	214	796	408
10	195	605	215	800	410
10	196	608	216	804	412
10	197	611	217	808	414
10	198	614	218	812	416
10	199	617	219	816	418
10	200	620	220	820	420
11	1	22	22	25	21
11	2	24	24	30	22
11	3	26	26	35	23
11	4	28	28	40	24
11	5	30	30	45	25
11	6	32	32	50	26
11	7	34	34	55	27
11	8	36	36	60	28
11	9	38	38	65	29
11	10	40	40	70	30
11	11	42	42	75	31
11	12	44	44	80	32
11	13	46	46	85	33
11	14	48	48	90	34
11	15	50	50	95	35
11	16	52	52	100	36
11	17	54	54	105	37
11	18	56	56	110	38
11	19	58	58	115	39
11	20	60	60	120	40
11	21	62	62	125	41
11	22	64	64	130	42
11	23	66	66	135	43
11	24	68	68	140	44
11	25	70	70	145	45
11	26	72	72	150	46
11	27	74	74	155	47
11	28	76	76	160	48
11	29	78	78	165	49
11	30	80	80	170	50
11	31	82	82	175	51
11	32	84	84	180	52
11	33	86	86	185	53
11	34	88	88	190	54
11	35	90	90	195	55
11	36	92	92	200	56
11	37	94	94	205	57
11	38	96	96	210	58
11	39	98	98	215	59
11	40	100	100	220	60
11	41	102	102	225	61
11	42	104	104	230	62
11	43	106	106	235	63
11	44	108	108	240	64
11	45	110	110	245	65
11	46	112	112	250	66
11	47	114	114	255	67
11	48	116	116	260	68
11	49	118	118	265	69
11	50	120	120	270	70
11	51	122	122	275	71
11	52	124	124	280	72
11	53	126	126	285	73
11	54	128	128	290	74
11	55	130	130	295	75
11	56	132	132	300	76
11	57	134	134	305	77
11	58	136	136	310	78
11	59	138	138	315	79
11	60	140	140	320	80
11	61	142	142	325	81
11	62	144	144	330	82
11	63	146	146	335	83
11	64	148	148	340	84
11	65	150	150	345	85
11	66	152	152	350	86
11	67	154	154	355	87
11	68	156	156	360	88
11	69	158	158	365	89
11	70	160	160	370	90
11	71	162	162	375	91
11	72	164	164	380	92
11	73	166	166	385	93
11	74	168	168	390	94
11	75	170	170	395	95
11	76	172	172	400	96
11	77	174	174	405	97
11	78	176	176	410	98
11	79	178	178	415	99
11	80	180	180	420	100
11	81	182	182	425	101
11	82	184	184	430	102
11	83	186	186	435	103
11	84	188	188	440	104
11	85	190	190	445	105
11	86	192	192	450	106
11	87	194	194	455	107
11	88	196	196	460	108
11	89	198	198	465	109
11	90	200	200	470	110
11	91	202	202	475	111
11	92	204	204	480	112
11	93	206	206	485	113
11	94	208	208	490	114
11	95	210	210	495	115
11	96	212	212	500	116
11	97	214	214	505	117
11	98	216	216	510	118
11	99	218	218	515	119
11	100	220	220	520	120
11	101	222	222	525	121
11	102	224	224	530	122
11	103	226	226	535	123
11	104	228	228	540	124
11	105	230	230	545	125
11	106	232	232	550	126
11	107	234	234	555	127
11	108	236	236	560	128
11	109	238	238	565	129
11	110	240	240	570	130
11	111	242	242	575	131
11	112	244	244	580	132
11	113	246	246	585	133
11	114	248	248	590	134
11	115	250	250	595	135
11	116	252	252	600	136
11	117	254	254	605	137
11	118	256	256	610	138
11	119	258	258	615	139
11	120	260	260	620	140
11	121	262	262	625	141
11	122	264	264	630	142
11	123	266	266	635	143
11	124	268	268	640	144
11	125	270	270	645	145
11	126	272	272	650	146
11	127	274	274	655	147
11	128	276	276	660	148
11	129	278	278	665	149
11	130	280	280	670	150
11	131	282	282	675	151
11	132	284	284	680	152
11	133	286	286	685	153
11	134	288	288	690	154
11	135	290	290	695	155
11	136	292	292	700	156
11	137	294	294	705	157
11	138	296	296	710	158
11	139	298	298	715	159
11	140	300	300	720	160
11	141	302	302	725	161
11	142	304	304	730	162
11	143	306	306	735	163
11	144	308	308	740	164
11	145	310	310	745	165
11	146	312	312	750	166
11	147	314	314	755	167
11	148	316	316	760	168
11	149	318	318	765	169
11	150	320	320	770	170
11	151	322	322	775	171
11	152	324	324	780	172
11	153	326	326	785	173
11	154	328	328	790	174
11	155	330	330	795	175
11	156	332	332	800	176
11	157	334	334	805	177
11	158	336	336	810	178
11	159	338	338	815	179
11	160	340	340	820	180
11	161	342	342	825	181
11	162	344	344	830	182
11	163	346	346	835	183
11	164	348	348	840	184
11	165	350	350	845	185
11	166	352	352	850	186
11	167	354	354	855	187
11	168	356	356	860	188
11	169	358	358	865	189
11	170	360	360	870	190
11	171	362	362	875	191
11	172	364	364	880	192
11	173	366	366	885	193
11	174	368	368	890	194
11	175	370	370	895	195
11	176	372	372	900	196
11	177	374	374	905	197
11	178	376	376	910	198
11	179	378	378	915	199
11	180	380	380	920	200
11	181	382	382	925	201
11	182	384	384	930	202
11	183	386	386	935	203
11	184	388	388	940	204
11	185	390	390	945	205
11	186	392	392	950	206
11	187	394	394	955	207
11	188	396	396	960	208
11	189	398	398	965	209
11	190	400	400	970	210
11	191	402	402	975	211
11	192	404	404	980	212
11	193	406	406	985	213
11	194	408	408	990	214
11	195	410	410	995	215
11	196	412	412	1000	216
11	197	414	414	1005	217
11	198	416	416	1010	218
11	199	418	418	1015	219
11	200	420	420	1020	220
12	1	21	25	22	22
12	2	22	30	24	24
12	3	23	35	26	26
12	4	24	40	28	28
12	5	25	45	30	30
12	6	26	50	32	32
12	7	27	55	34	34
12	8	28	60	36	36
12	9	29	65	38	38
12	10	30	70	40	40
12	11	31	75	42	42
12	12	32	80	44	44
12	13	33	85	46	46
12	14	34	90	48	48
12	15	35	95	50	50
12	16	36	100	52	52
12	17	37	105	54	54
12	18	38	110	56	56
12	19	39	115	58	58
12	20	40	120	60	60
12	21	41	125	62	62
12	22	42	130	64	64
12	23	43	135	66	66
12	24	44	140	68	68
12	25	45	145	70	70
12	26	46	150	72	72
12	27	47	155	74	74
12	28	48	160	76	76
12	29	49	165	78	78
12	30	50	170	80	80
12	31	51	175	82	82
12	32	52	180	84	84
12	33	53	185	86	86
12	34	54	190	88	88
12	35	55	195	90	90
12	36	56	200	92	92
12	37	57	205	94	94
12	38	58	210	96	96
12	39	59	215	98	98
12	40	60	220	100	100
12	41	61	225	102	102
12	42	62	230	104	104
12	43	63	235	106	106
12	44	64	240	108	108
12	45	65	245	110	110
12	46	66	250	112	112
12	47	67	255	114	114
12	48	68	260	116	116
12	49	69	265	118	118
12	50	70	270	120	120
12	51	71	275	122	122
12	52	72	280	124	124
12	53	73	285	126	126
12	54	74	290	128	128
12	55	75	295	130	130
12	56	76	300	132	132
12	57	77	305	134	134
12	58	78	310	136	136
12	59	79	315	138	138
12	60	80	320	140	140
12	61	81	325	142	142
12	62	82	330	144	144
12	63	83	335	146	146
12	64	84	340	148	148
12	65	85	345	150	150
12	66	86	350	152	152
12	67	87	355	154	154
12	68	88	360	156	156
12	69	89	365	158	158
12	70	90	370	160	160
12	71	91	375	162	162
12	72	92	380	164	164
12	73	93	385	166	166
12	74	94	390	168	168
12	75	95	395	170	170
12	76	96	400	172	172
12	77	97	405	174	174
12	78	98	410	176	176
12	79	99	415	178	178
12	80	100	420	180	180
12	81	101	425	182	182
12	82	102	430	184	184
12	83	103	435	186	186
12	84	104	440	188	188
12	85	105	445	190	190
12	86	106	450	192	192
12	87	107	455	194	194
12	88	108	460	196	196
12	89	109	465	198	198
12	90	110	470	200	200
12	91	111	475	202	202
12	92	112	480	204	204
12	93	113	485	206	206
12	94	114	490	208	208
12	95	115	495	210	210
12	96	116	500	212	212
12	97	117	505	214	214
12	98	118	510	216	216
12	99	119	515	218	218
12	100	120	520	220	220
12	101	121	525	222	222
12	102	122	530	224	224
12	103	123	535	226	226
12	104	124	540	228	228
12	105	125	545	230	230
12	106	126	550	232	232
12	107	127	555	234	234
12	108	128	560	236	236
12	109	129	565	238	238
12	110	130	570	240	240
12	111	131	575	242	242
12	112	132	580	244	244
12	113	133	585	246	246
12	114	134	590	248	248
12	115	135	595	250	250
12	116	136	600	252	252
12	117	137	605	254	254
12	118	138	610	256	256
12	119	139	615	258	258
12	120	140	620	260	260
12	121	141	625	262	262
12	122	142	630	264	264
12	123	143	635	266	266
12	124	144	640	268	268
12	125	145	645	270	270
12	126	146	650	272	272
12	127	147	655	274	274
12	128	148	660	276	276
12	129	149	665	278	278
12	130	150	670	280	280
12	131	151	675	282	282
12	132	152	680	284	284
12	133	153	685	286	286
12	134	154	690	288	288
12	135	155	695	290	290
12	136	156	700	292	292
12	137	157	705	294	294
12	138	158	710	296	296
12	139	159	715	298	298
12	140	160	720	300	300
12	141	161	725	302	302
12	142	162	730	304	304
12	143	163	735	306	306
12	144	164	740	308	308
12	145	165	745	310	310
12	146	166	750	312	312
12	147	167	755	314	314
12	148	168	760	316	316
12	149	169	765	318	318
12	150	170	770	320	320
12	151	171	775	322	322
12	152	172	780	324	324
12	153	173	785	326	326
12	154	174	790	328	328
12	155	175	795	330	330
12	156	176	800	332	332
12	157	177	805	334	334
12	158	178	810	336	336
12	159	179	815	338	338
12	160	180	820	340	340
12	161	181	825	342	342
12	162	182	830	344	344
12	163	183	835	346	346
12	164	184	840	348	348
12	165	185	845	350	350
12	166	186	850	352	352
12	167	187	855	354	354
12	168	188	860	356	356
12	169	189	865	358	358
12	170	190	870	360	360
12	171	191	875	362	362
12	172	192	880	364	364
12	173	193	885	366	366
12	174	194	890	368	368
12	175	195	895	370	370
12	176	196	900	372	372
12	177	197	905	374	374
12	178	198	910	376	376
12	179	199	915	378	378
12	180	200	920	380	380
12	181	201	925	382	382
12	182	202	930	384	384
12	183	203	935	386	386
12	184	204	940	388	388
12	185	205	945	390	390
12	186	206	950	392	392
12	187	207	955	394	394
12	188	208	960	396	396
12	189	209	965	398	398
12	190	210	970	400	400
12	191	211	975	402	402
12	192	212	980	404	404
12	193	213	985	406	406
12	194	214	990	408	408
12	195	215	995	410	410
12	196	216	1000	412	412
12	197	217	1005	414	414
12	198	218	1010	416	416
12	199	219	1015	418	418
12	200	220	1020	420	420
13	1	22	24	22	22
13	2	24	28	24	24
13	3	26	32	26	26
13	4	28	36	28	28
13	5	30	40	30	30
13	6	32	44	32	32
13	7	34	48	34	34
13	8	36	52	36	36
13	9	38	56	38	38
13	10	40	60	40	40
13	11	42	64	42	42
13	12	44	68	44	44
13	13	46	72	46	46
13	14	48	76	48	48
13	15	50	80	50	50
13	16	52	84	52	52
13	17	54	88	54	54
13	18	56	92	56	56
13	19	58	96	58	58
13	20	60	100	60	60
13	21	62	104	62	62
13	22	64	108	64	64
13	23	66	112	66	66
13	24	68	116	68	68
13	25	70	120	70	70
13	26	72	124	72	72
13	27	74	128	74	74
13	28	76	132	76	76
13	29	78	136	78	78
13	30	80	140	80	80
13	31	82	144	82	82
13	32	84	148	84	84
13	33	86	152	86	86
13	34	88	156	88	88
13	35	90	160	90	90
13	36	92	164	92	92
13	37	94	168	94	94
13	38	96	172	96	96
13	39	98	176	98	98
13	40	100	180	100	100
13	41	102	184	102	102
13	42	104	188	104	104
13	43	106	192	106	106
13	44	108	196	108	108
13	45	110	200	110	110
13	46	112	204	112	112
13	47	114	208	114	114
13	48	116	212	116	116
13	49	118	216	118	118
13	50	120	220	120	120
13	51	122	224	122	122
13	52	124	228	124	124
13	53	126	232	126	126
13	54	128	236	128	128
13	55	130	240	130	130
13	56	132	244	132	132
13	57	134	248	134	134
13	58	136	252	136	136
13	59	138	256	138	138
13	60	140	260	140	140
13	61	142	264	142	142
13	62	144	268	144	144
13	63	146	272	146	146
13	64	148	276	148	148
13	65	150	280	150	150
13	66	152	284	152	152
13	67	154	288	154	154
13	68	156	292	156	156
13	69	158	296	158	158
13	70	160	300	160	160
13	71	162	304	162	162
13	72	164	308	164	164
13	73	166	312	166	166
13	74	168	316	168	168
13	75	170	320	170	170
13	76	172	324	172	172
13	77	174	328	174	174
13	78	176	332	176	176
13	79	178	336	178	178
13	80	180	340	180	180
13	81	182	344	182	182
13	82	184	348	184	184
13	83	186	352	186	186
13	84	188	356	188	188
13	85	190	360	190	190
13	86	192	364	192	192
13	87	194	368	194	194
13	88	196	372	196	196
13	89	198	376	198	198
13	90	200	380	200	200
13	91	202	384	202	202
13	92	204	388	204	204
13	93	206	392	206	206
13	94	208	396	208	208
13	95	210	400	210	210
13	96	212	404	212	212
13	97	214	408	214	214
13	98	216	412	216	216
13	99	218	416	218	218
13	100	220	420	220	220
13	101	222	424	222	222
13	102	224	428	224	224
13	103	226	432	226	226
13	104	228	436	228	228
13	105	230	440	230	230
13	106	232	444	232	232
13	107	234	448	234	234
13	108	236	452	236	236
13	109	238	456	238	238
13	110	240	460	240	240
13	111	242	464	242	242
13	112	244	468	244	244
13	113	246	472	246	246
13	114	248	476	248	248
13	115	250	480	250	250
13	116	252	484	252	252
13	117	254	488	254	254
13	118	256	492	256	256
13	119	258	496	258	258
13	120	260	500	260	260
13	121	262	504	262	262
13	122	264	508	264	264
13	123	266	512	266	266
13	124	268	516	268	268
13	125	270	520	270	270
13	126	272	524	272	272
13	127	274	528	274	274
13	128	276	532	276	276
13	129	278	536	278	278
13	130	280	540	280	280
13	131	282	544	282	282
13	132	284	548	284	284
13	133	286	552	286	286
13	134	288	556	288	288
13	135	290	560	290	290
13	136	292	564	292	292
13	137	294	568	294	294
13	138	296	572	296	296
13	139	298	576	298	298
13	140	300	580	300	300
13	141	302	584	302	302
13	142	304	588	304	304
13	143	306	592	306	306
13	144	308	596	308	308
13	145	310	600	310	310
13	146	312	604	312	312
13	147	314	608	314	314
13	148	316	612	316	316
13	149	318	616	318	318
13	150	320	620	320	320
13	151	322	624	322	322
13	152	324	628	324	324
13	153	326	632	326	326
13	154	328	636	328	328
13	155	330	640	330	330
13	156	332	644	332	332
13	157	334	648	334	334
13	158	336	652	336	336
13	159	338	656	338	338
13	160	340	660	340	340
13	161	342	664	342	342
13	162	344	668	344	344
13	163	346	672	346	346
13	164	348	676	348	348
13	165	350	680	350	350
13	166	352	684	352	352
13	167	354	688	354	354
13	168	356	692	356	356
13	169	358	696	358	358
13	170	360	700	360	360
13	171	362	704	362	362
13	172	364	708	364	364
13	173	366	712	366	366
13	174	368	716	368	368
13	175	370	720	370	370
13	176	372	724	372	372
13	177	374	728	374	374
13	178	376	732	376	376
13	179	378	736	378	378
13	180	380	740	380	380
13	181	382	744	382	382
13	182	384	748	384	384
13	183	386	752	386	386
13	184	388	756	388	388
13	185	390	760	390	390
13	186	392	764	392	392
13	187	394	768	394	394
13	188	396	772	396	396
13	189	398	776	398	398
13	190	400	780	400	400
13	191	402	784	402	402
13	192	404	788	404	404
13	193	406	792	406	406
13	194	408	796	408	408
13	195	410	800	410	410
13	196	412	804	412	412
13	197	414	808	414	414
13	198	416	812	416	416
13	199	418	816	418	418
13	200	420	820	420	420
14	1	24	22	23	21
14	2	28	24	26	22
14	3	32	26	29	23
14	4	36	28	32	24
14	5	40	30	35	25
14	6	44	32	38	26
14	7	48	34	41	27
14	8	52	36	44	28
14	9	56	38	47	29
14	10	60	40	50	30
14	11	64	42	53	31
14	12	68	44	56	32
14	13	72	46	59	33
14	14	76	48	62	34
14	15	80	50	65	35
14	16	84	52	68	36
14	17	88	54	71	37
14	18	92	56	74	38
14	19	96	58	77	39
14	20	100	60	80	40
14	21	104	62	83	41
14	22	108	64	86	42
14	23	112	66	89	43
14	24	116	68	92	44
14	25	120	70	95	45
14	26	124	72	98	46
14	27	128	74	101	47
14	28	132	76	104	48
14	29	136	78	107	49
14	30	140	80	110	50
14	31	144	82	113	51
14	32	148	84	116	52
14	33	152	86	119	53
14	34	156	88	122	54
14	35	160	90	125	55
14	36	164	92	128	56
14	37	168	94	131	57
14	38	172	96	134	58
14	39	176	98	137	59
14	40	180	100	140	60
14	41	184	102	143	61
14	42	188	104	146	62
14	43	192	106	149	63
14	44	196	108	152	64
14	45	200	110	155	65
14	46	204	112	158	66
14	47	208	114	161	67
14	48	212	116	164	68
14	49	216	118	167	69
14	50	220	120	170	70
14	51	224	122	173	71
14	52	228	124	176	72
14	53	232	126	179	73
14	54	236	128	182	74
14	55	240	130	185	75
14	56	244	132	188	76
14	57	248	134	191	77
14	58	252	136	194	78
14	59	256	138	197	79
14	60	260	140	200	80
14	61	264	142	203	81
14	62	268	144	206	82
14	63	272	146	209	83
14	64	276	148	212	84
14	65	280	150	215	85
14	66	284	152	218	86
14	67	288	154	221	87
14	68	292	156	224	88
14	69	296	158	227	89
14	70	300	160	230	90
14	71	304	162	233	91
14	72	308	164	236	92
14	73	312	166	239	93
14	74	316	168	242	94
14	75	320	170	245	95
14	76	324	172	248	96
14	77	328	174	251	97
14	78	332	176	254	98
14	79	336	178	257	99
14	80	340	180	260	100
14	81	344	182	263	101
14	82	348	184	266	102
14	83	352	186	269	103
14	84	356	188	272	104
14	85	360	190	275	105
14	86	364	192	278	106
14	87	368	194	281	107
14	88	372	196	284	108
14	89	376	198	287	109
14	90	380	200	290	110
14	91	384	202	293	111
14	92	388	204	296	112
14	93	392	206	299	113
14	94	396	208	302	114
14	95	400	210	305	115
14	96	404	212	308	116
14	97	408	214	311	117
14	98	412	216	314	118
14	99	416	218	317	119
14	100	420	220	320	120
14	101	424	222	323	121
14	102	428	224	326	122
14	103	432	226	329	123
14	104	436	228	332	124
14	105	440	230	335	125
14	106	444	232	338	126
14	107	448	234	341	127
14	108	452	236	344	128
14	109	456	238	347	129
14	110	460	240	350	130
14	111	464	242	353	131
14	112	468	244	356	132
14	113	472	246	359	133
14	114	476	248	362	134
14	115	480	250	365	135
14	116	484	252	368	136
14	117	488	254	371	137
14	118	492	256	374	138
14	119	496	258	377	139
14	120	500	260	380	140
14	121	504	262	383	141
14	122	508	264	386	142
14	123	512	266	389	143
14	124	516	268	392	144
14	125	520	270	395	145
14	126	524	272	398	146
14	127	528	274	401	147
14	128	532	276	404	148
14	129	536	278	407	149
14	130	540	280	410	150
14	131	544	282	413	151
14	132	548	284	416	152
14	133	552	286	419	153
14	134	556	288	422	154
14	135	560	290	425	155
14	136	564	292	428	156
14	137	568	294	431	157
14	138	572	296	434	158
14	139	576	298	437	159
14	140	580	300	440	160
14	141	584	302	443	161
14	142	588	304	446	162
14	143	592	306	449	163
14	144	596	308	452	164
14	145	600	310	455	165
14	146	604	312	458	166
14	147	608	314	461	167
14	148	612	316	464	168
14	149	616	318	467	169
14	150	620	320	470	170
14	151	624	322	473	171
14	152	628	324	476	172
14	153	632	326	479	173
14	154	636	328	482	174
14	155	640	330	485	175
14	156	644	332	488	176
14	157	648	334	491	177
14	158	652	336	494	178
14	159	656	338	497	179
14	160	660	340	500	180
14	161	664	342	503	181
14	162	668	344	506	182
14	163	672	346	509	183
14	164	676	348	512	184
14	165	680	350	515	185
14	166	684	352	518	186
14	167	688	354	521	187
14	168	692	356	524	188
14	169	696	358	527	189
14	170	700	360	530	190
14	171	704	362	533	191
14	172	708	364	536	192
14	173	712	366	539	193
14	174	716	368	542	194
14	175	720	370	545	195
14	176	724	372	548	196
14	177	728	374	551	197
14	178	732	376	554	198
14	179	736	378	557	199
14	180	740	380	560	200
14	181	744	382	563	201
14	182	748	384	566	202
14	183	752	386	569	203
14	184	756	388	572	204
14	185	760	390	575	205
14	186	764	392	578	206
14	187	768	394	581	207
14	188	772	396	584	208
14	189	776	398	587	209
14	190	780	400	590	210
14	191	784	402	593	211
14	192	788	404	596	212
14	193	792	406	599	213
14	194	796	408	602	214
14	195	800	410	605	215
14	196	804	412	608	216
14	197	808	414	611	217
14	198	812	416	614	218
14	199	816	418	617	219
14	200	820	420	620	220
15	1	23	23	22	22
15	2	26	26	24	24
15	3	29	29	26	26
15	4	32	32	28	28
15	5	35	35	30	30
15	6	38	38	32	32
15	7	41	41	34	34
15	8	44	44	36	36
15	9	47	47	38	38
15	10	50	50	40	40
15	11	53	53	42	42
15	12	56	56	44	44
15	13	59	59	46	46
15	14	62	62	48	48
15	15	65	65	50	50
15	16	68	68	52	52
15	17	71	71	54	54
15	18	74	74	56	56
15	19	77	77	58	58
15	20	80	80	60	60
15	21	83	83	62	62
15	22	86	86	64	64
15	23	89	89	66	66
15	24	92	92	68	68
15	25	95	95	70	70
15	26	98	98	72	72
15	27	101	101	74	74
15	28	104	104	76	76
15	29	107	107	78	78
15	30	110	110	80	80
15	31	113	113	82	82
15	32	116	116	84	84
15	33	119	119	86	86
15	34	122	122	88	88
15	35	125	125	90	90
15	36	128	128	92	92
15	37	131	131	94	94
15	38	134	134	96	96
15	39	137	137	98	98
15	40	140	140	100	100
15	41	143	143	102	102
15	42	146	146	104	104
15	43	149	149	106	106
15	44	152	152	108	108
15	45	155	155	110	110
15	46	158	158	112	112
15	47	161	161	114	114
15	48	164	164	116	116
15	49	167	167	118	118
15	50	170	170	120	120
15	51	173	173	122	122
15	52	176	176	124	124
15	53	179	179	126	126
15	54	182	182	128	128
15	55	185	185	130	130
15	56	188	188	132	132
15	57	191	191	134	134
15	58	194	194	136	136
15	59	197	197	138	138
15	60	200	200	140	140
15	61	203	203	142	142
15	62	206	206	144	144
15	63	209	209	146	146
15	64	212	212	148	148
15	65	215	215	150	150
15	66	218	218	152	152
15	67	221	221	154	154
15	68	224	224	156	156
15	69	227	227	158	158
15	70	230	230	160	160
15	71	233	233	162	162
15	72	236	236	164	164
15	73	239	239	166	166
15	74	242	242	168	168
15	75	245	245	170	170
15	76	248	248	172	172
15	77	251	251	174	174
15	78	254	254	176	176
15	79	257	257	178	178
15	80	260	260	180	180
15	81	263	263	182	182
15	82	266	266	184	184
15	83	269	269	186	186
15	84	272	272	188	188
15	85	275	275	190	190
15	86	278	278	192	192
15	87	281	281	194	194
15	88	284	284	196	196
15	89	287	287	198	198
15	90	290	290	200	200
15	91	293	293	202	202
15	92	296	296	204	204
15	93	299	299	206	206
15	94	302	302	208	208
15	95	305	305	210	210
15	96	308	308	212	212
15	97	311	311	214	214
15	98	314	314	216	216
15	99	317	317	218	218
15	100	320	320	220	220
15	101	323	323	222	222
15	102	326	326	224	224
15	103	329	329	226	226
15	104	332	332	228	228
15	105	335	335	230	230
15	106	338	338	232	232
15	107	341	341	234	234
15	108	344	344	236	236
15	109	347	347	238	238
15	110	350	350	240	240
15	111	353	353	242	242
15	112	356	356	244	244
15	113	359	359	246	246
15	114	362	362	248	248
15	115	365	365	250	250
15	116	368	368	252	252
15	117	371	371	254	254
15	118	374	374	256	256
15	119	377	377	258	258
15	120	380	380	260	260
15	121	383	383	262	262
15	122	386	386	264	264
15	123	389	389	266	266
15	124	392	392	268	268
15	125	395	395	270	270
15	126	398	398	272	272
15	127	401	401	274	274
15	128	404	404	276	276
15	129	407	407	278	278
15	130	410	410	280	280
15	131	413	413	282	282
15	132	416	416	284	284
15	133	419	419	286	286
15	134	422	422	288	288
15	135	425	425	290	290
15	136	428	428	292	292
15	137	431	431	294	294
15	138	434	434	296	296
15	139	437	437	298	298
15	140	440	440	300	300
15	141	443	443	302	302
15	142	446	446	304	304
15	143	449	449	306	306
15	144	452	452	308	308
15	145	455	455	310	310
15	146	458	458	312	312
15	147	461	461	314	314
15	148	464	464	316	316
15	149	467	467	318	318
15	150	470	470	320	320
15	151	473	473	322	322
15	152	476	476	324	324
15	153	479	479	326	326
15	154	482	482	328	328
15	155	485	485	330	330
15	156	488	488	332	332
15	157	491	491	334	334
15	158	494	494	336	336
15	159	497	497	338	338
15	160	500	500	340	340
15	161	503	503	342	342
15	162	506	506	344	344
15	163	509	509	346	346
15	164	512	512	348	348
15	165	515	515	350	350
15	166	518	518	352	352
15	167	521	521	354	354
15	168	524	524	356	356
15	169	527	527	358	358
15	170	530	530	360	360
15	171	533	533	362	362
15	172	536	536	364	364
15	173	539	539	366	366
15	174	542	542	368	368
15	175	545	545	370	370
15	176	548	548	372	372
15	177	551	551	374	374
15	178	554	554	376	376
15	179	557	557	378	378
15	180	560	560	380	380
15	181	563	563	382	382
15	182	566	566	384	384
15	183	569	569	386	386
15	184	572	572	388	388
15	185	575	575	390	390
15	186	578	578	392	392
15	187	581	581	394	394
15	188	584	584	396	396
15	189	587	587	398	398
15	190	590	590	400	400
15	191	593	593	402	402
15	192	596	596	404	404
15	193	599	599	406	406
15	194	602	602	408	408
15	195	605	605	410	410
15	196	608	608	412	412
15	197	611	611	414	414
15	198	614	614	416	416
15	199	617	617	418	418
15	200	620	620	420	420
16	1	24	24	21	21
16	2	28	28	22	22
16	3	32	32	23	23
16	4	36	36	24	24
16	5	40	40	25	25
16	6	44	44	26	26
16	7	48	48	27	27
16	8	52	52	28	28
16	9	56	56	29	29
16	10	60	60	30	30
16	11	64	64	31	31
16	12	68	68	32	32
16	13	72	72	33	33
16	14	76	76	34	34
16	15	80	80	35	35
16	16	84	84	36	36
16	17	88	88	37	37
16	18	92	92	38	38
16	19	96	96	39	39
16	20	100	100	40	40
16	21	104	104	41	41
16	22	108	108	42	42
16	23	112	112	43	43
16	24	116	116	44	44
16	25	120	120	45	45
16	26	124	124	46	46
16	27	128	128	47	47
16	28	132	132	48	48
16	29	136	136	49	49
16	30	140	140	50	50
16	31	144	144	51	51
16	32	148	148	52	52
16	33	152	152	53	53
16	34	156	156	54	54
16	35	160	160	55	55
16	36	164	164	56	56
16	37	168	168	57	57
16	38	172	172	58	58
16	39	176	176	59	59
16	40	180	180	60	60
16	41	184	184	61	61
16	42	188	188	62	62
16	43	192	192	63	63
16	44	196	196	64	64
16	45	200	200	65	65
16	46	204	204	66	66
16	47	208	208	67	67
16	48	212	212	68	68
16	49	216	216	69	69
16	50	220	220	70	70
16	51	224	224	71	71
16	52	228	228	72	72
16	53	232	232	73	73
16	54	236	236	74	74
16	55	240	240	75	75
16	56	244	244	76	76
16	57	248	248	77	77
16	58	252	252	78	78
16	59	256	256	79	79
16	60	260	260	80	80
16	61	264	264	81	81
16	62	268	268	82	82
16	63	272	272	83	83
16	64	276	276	84	84
16	65	280	280	85	85
16	66	284	284	86	86
16	67	288	288	87	87
16	68	292	292	88	88
16	69	296	296	89	89
16	70	300	300	90	90
16	71	304	304	91	91
16	72	308	308	92	92
16	73	312	312	93	93
16	74	316	316	94	94
16	75	320	320	95	95
16	76	324	324	96	96
16	77	328	328	97	97
16	78	332	332	98	98
16	79	336	336	99	99
16	80	340	340	100	100
16	81	344	344	101	101
16	82	348	348	102	102
16	83	352	352	103	103
16	84	356	356	104	104
16	85	360	360	105	105
16	86	364	364	106	106
16	87	368	368	107	107
16	88	372	372	108	108
16	89	376	376	109	109
16	90	380	380	110	110
16	91	384	384	111	111
16	92	388	388	112	112
16	93	392	392	113	113
16	94	396	396	114	114
16	95	400	400	115	115
16	96	404	404	116	116
16	97	408	408	117	117
16	98	412	412	118	118
16	99	416	416	119	119
16	100	420	420	120	120
16	101	424	424	121	121
16	102	428	428	122	122
16	103	432	432	123	123
16	104	436	436	124	124
16	105	440	440	125	125
16	106	444	444	126	126
16	107	448	448	127	127
16	108	452	452	128	128
16	109	456	456	129	129
16	110	460	460	130	130
16	111	464	464	131	131
16	112	468	468	132	132
16	113	472	472	133	133
16	114	476	476	134	134
16	115	480	480	135	135
16	116	484	484	136	136
16	117	488	488	137	137
16	118	492	492	138	138
16	119	496	496	139	139
16	120	500	500	140	140
16	121	504	504	141	141
16	122	508	508	142	142
16	123	512	512	143	143
16	124	516	516	144	144
16	125	520	520	145	145
16	126	524	524	146	146
16	127	528	528	147	147
16	128	532	532	148	148
16	129	536	536	149	149
16	130	540	540	150	150
16	131	544	544	151	151
16	132	548	548	152	152
16	133	552	552	153	153
16	134	556	556	154	154
16	135	560	560	155	155
16	136	564	564	156	156
16	137	568	568	157	157
16	138	572	572	158	158
16	139	576	576	159	159
16	140	580	580	160	160
16	141	584	584	161	161
16	142	588	588	162	162
16	143	592	592	163	163
16	144	596	596	164	164
16	145	600	600	165	165
16	146	604	604	166	166
16	147	608	608	167	167
16	148	612	612	168	168
16	149	616	616	169	169
16	150	620	620	170	170
16	151	624	624	171	171
16	152	628	628	172	172
16	153	632	632	173	173
16	154	636	636	174	174
16	155	640	640	175	175
16	156	644	644	176	176
16	157	648	648	177	177
16	158	652	652	178	178
16	159	656	656	179	179
16	160	660	660	180	180
16	161	664	664	181	181
16	162	668	668	182	182
16	163	672	672	183	183
16	164	676	676	184	184
16	165	680	680	185	185
16	166	684	684	186	186
16	167	688	688	187	187
16	168	692	692	188	188
16	169	696	696	189	189
16	170	700	700	190	190
16	171	704	704	191	191
16	172	708	708	192	192
16	173	712	712	193	193
16	174	716	716	194	194
16	175	720	720	195	195
16	176	724	724	196	196
16	177	728	728	197	197
16	178	732	732	198	198
16	179	736	736	199	199
16	180	740	740	200	200
16	181	744	744	201	201
16	182	748	748	202	202
16	183	752	752	203	203
16	184	756	756	204	204
16	185	760	760	205	205
16	186	764	764	206	206
16	187	768	768	207	207
16	188	772	772	208	208
16	189	776	776	209	209
16	190	780	780	210	210
16	191	784	784	211	211
16	192	788	788	212	212
16	193	792	792	213	213
16	194	796	796	214	214
16	195	800	800	215	215
16	196	804	804	216	216
16	197	808	808	217	217
16	198	812	812	218	218
16	199	816	816	219	219
16	200	820	820	220	220
17	1	21	23	23	23
17	2	22	26	26	26
17	3	23	29	29	29
17	4	24	32	32	32
17	5	25	35	35	35
17	6	26	38	38	38
17	7	27	41	41	41
17	8	28	44	44	44
17	9	29	47	47	47
17	10	30	50	50	50
17	11	31	53	53	53
17	12	32	56	56	56
17	13	33	59	59	59
17	14	34	62	62	62
17	15	35	65	65	65
17	16	36	68	68	68
17	17	37	71	71	71
17	18	38	74	74	74
17	19	39	77	77	77
17	20	40	80	80	80
17	21	41	83	83	83
17	22	42	86	86	86
17	23	43	89	89	89
17	24	44	92	92	92
17	25	45	95	95	95
17	26	46	98	98	98
17	27	47	101	101	101
17	28	48	104	104	104
17	29	49	107	107	107
17	30	50	110	110	110
17	31	51	113	113	113
17	32	52	116	116	116
17	33	53	119	119	119
17	34	54	122	122	122
17	35	55	125	125	125
17	36	56	128	128	128
17	37	57	131	131	131
17	38	58	134	134	134
17	39	59	137	137	137
17	40	60	140	140	140
17	41	61	143	143	143
17	42	62	146	146	146
17	43	63	149	149	149
17	44	64	152	152	152
17	45	65	155	155	155
17	46	66	158	158	158
17	47	67	161	161	161
17	48	68	164	164	164
17	49	69	167	167	167
17	50	70	170	170	170
17	51	71	173	173	173
17	52	72	176	176	176
17	53	73	179	179	179
17	54	74	182	182	182
17	55	75	185	185	185
17	56	76	188	188	188
17	57	77	191	191	191
17	58	78	194	194	194
17	59	79	197	197	197
17	60	80	200	200	200
17	61	81	203	203	203
17	62	82	206	206	206
17	63	83	209	209	209
17	64	84	212	212	212
17	65	85	215	215	215
17	66	86	218	218	218
17	67	87	221	221	221
17	68	88	224	224	224
17	69	89	227	227	227
17	70	90	230	230	230
17	71	91	233	233	233
17	72	92	236	236	236
17	73	93	239	239	239
17	74	94	242	242	242
17	75	95	245	245	245
17	76	96	248	248	248
17	77	97	251	251	251
17	78	98	254	254	254
17	79	99	257	257	257
17	80	100	260	260	260
17	81	101	263	263	263
17	82	102	266	266	266
17	83	103	269	269	269
17	84	104	272	272	272
17	85	105	275	275	275
17	86	106	278	278	278
17	87	107	281	281	281
17	88	108	284	284	284
17	89	109	287	287	287
17	90	110	290	290	290
17	91	111	293	293	293
17	92	112	296	296	296
17	93	113	299	299	299
17	94	114	302	302	302
17	95	115	305	305	305
17	96	116	308	308	308
17	97	117	311	311	311
17	98	118	314	314	314
17	99	119	317	317	317
17	100	120	320	320	320
17	101	121	323	323	323
17	102	122	326	326	326
17	103	123	329	329	329
17	104	124	332	332	332
17	105	125	335	335	335
17	106	126	338	338	338
17	107	127	341	341	341
17	108	128	344	344	344
17	109	129	347	347	347
17	110	130	350	350	350
17	111	131	353	353	353
17	112	132	356	356	356
17	113	133	359	359	359
17	114	134	362	362	362
17	115	135	365	365	365
17	116	136	368	368	368
17	117	137	371	371	371
17	118	138	374	374	374
17	119	139	377	377	377
17	120	140	380	380	380
17	121	141	383	383	383
17	122	142	386	386	386
17	123	143	389	389	389
17	124	144	392	392	392
17	125	145	395	395	395
17	126	146	398	398	398
17	127	147	401	401	401
17	128	148	404	404	404
17	129	149	407	407	407
17	130	150	410	410	410
17	131	151	413	413	413
17	132	152	416	416	416
17	133	153	419	419	419
17	134	154	422	422	422
17	135	155	425	425	425
17	136	156	428	428	428
17	137	157	431	431	431
17	138	158	434	434	434
17	139	159	437	437	437
17	140	160	440	440	440
17	141	161	443	443	443
17	142	162	446	446	446
17	143	163	449	449	449
17	144	164	452	452	452
17	145	165	455	455	455
17	146	166	458	458	458
17	147	167	461	461	461
17	148	168	464	464	464
17	149	169	467	467	467
17	150	170	470	470	470
17	151	171	473	473	473
17	152	172	476	476	476
17	153	173	479	479	479
17	154	174	482	482	482
17	155	175	485	485	485
17	156	176	488	488	488
17	157	177	491	491	491
17	158	178	494	494	494
17	159	179	497	497	497
17	160	180	500	500	500
17	161	181	503	503	503
17	162	182	506	506	506
17	163	183	509	509	509
17	164	184	512	512	512
17	165	185	515	515	515
17	166	186	518	518	518
17	167	187	521	521	521
17	168	188	524	524	524
17	169	189	527	527	527
17	170	190	530	530	530
17	171	191	533	533	533
17	172	192	536	536	536
17	173	193	539	539	539
17	174	194	542	542	542
17	175	195	545	545	545
17	176	196	548	548	548
17	177	197	551	551	551
17	178	198	554	554	554
17	179	199	557	557	557
17	180	200	560	560	560
17	181	201	563	563	563
17	182	202	566	566	566
17	183	203	569	569	569
17	184	204	572	572	572
17	185	205	575	575	575
17	186	206	578	578	578
17	187	207	581	581	581
17	188	208	584	584	584
17	189	209	587	587	587
17	190	210	590	590	590
17	191	211	593	593	593
17	192	212	596	596	596
17	193	213	599	599	599
17	194	214	602	602	602
17	195	215	605	605	605
17	196	216	608	608	608
17	197	217	611	611	611
17	198	218	614	614	614
17	199	219	617	617	617
17	200	220	620	620	620
18	1	21	24	24	21
18	2	22	28	28	22
18	3	23	32	32	23
18	4	24	36	36	24
18	5	25	40	40	25
18	6	26	44	44	26
18	7	27	48	48	27
18	8	28	52	52	28
18	9	29	56	56	29
18	10	30	60	60	30
18	11	31	64	64	31
18	12	32	68	68	32
18	13	33	72	72	33
18	14	34	76	76	34
18	15	35	80	80	35
18	16	36	84	84	36
18	17	37	88	88	37
18	18	38	92	92	38
18	19	39	96	96	39
18	20	40	100	100	40
18	21	41	104	104	41
18	22	42	108	108	42
18	23	43	112	112	43
18	24	44	116	116	44
18	25	45	120	120	45
18	26	46	124	124	46
18	27	47	128	128	47
18	28	48	132	132	48
18	29	49	136	136	49
18	30	50	140	140	50
18	31	51	144	144	51
18	32	52	148	148	52
18	33	53	152	152	53
18	34	54	156	156	54
18	35	55	160	160	55
18	36	56	164	164	56
18	37	57	168	168	57
18	38	58	172	172	58
18	39	59	176	176	59
18	40	60	180	180	60
18	41	61	184	184	61
18	42	62	188	188	62
18	43	63	192	192	63
18	44	64	196	196	64
18	45	65	200	200	65
18	46	66	204	204	66
18	47	67	208	208	67
18	48	68	212	212	68
18	49	69	216	216	69
18	50	70	220	220	70
18	51	71	224	224	71
18	52	72	228	228	72
18	53	73	232	232	73
18	54	74	236	236	74
18	55	75	240	240	75
18	56	76	244	244	76
18	57	77	248	248	77
18	58	78	252	252	78
18	59	79	256	256	79
18	60	80	260	260	80
18	61	81	264	264	81
18	62	82	268	268	82
18	63	83	272	272	83
18	64	84	276	276	84
18	65	85	280	280	85
18	66	86	284	284	86
18	67	87	288	288	87
18	68	88	292	292	88
18	69	89	296	296	89
18	70	90	300	300	90
18	71	91	304	304	91
18	72	92	308	308	92
18	73	93	312	312	93
18	74	94	316	316	94
18	75	95	320	320	95
18	76	96	324	324	96
18	77	97	328	328	97
18	78	98	332	332	98
18	79	99	336	336	99
18	80	100	340	340	100
18	81	101	344	344	101
18	82	102	348	348	102
18	83	103	352	352	103
18	84	104	356	356	104
18	85	105	360	360	105
18	86	106	364	364	106
18	87	107	368	368	107
18	88	108	372	372	108
18	89	109	376	376	109
18	90	110	380	380	110
18	91	111	384	384	111
18	92	112	388	388	112
18	93	113	392	392	113
18	94	114	396	396	114
18	95	115	400	400	115
18	96	116	404	404	116
18	97	117	408	408	117
18	98	118	412	412	118
18	99	119	416	416	119
18	100	120	420	420	120
18	101	121	424	424	121
18	102	122	428	428	122
18	103	123	432	432	123
18	104	124	436	436	124
18	105	125	440	440	125
18	106	126	444	444	126
18	107	127	448	448	127
18	108	128	452	452	128
18	109	129	456	456	129
18	110	130	460	460	130
18	111	131	464	464	131
18	112	132	468	468	132
18	113	133	472	472	133
18	114	134	476	476	134
18	115	135	480	480	135
18	116	136	484	484	136
18	117	137	488	488	137
18	118	138	492	492	138
18	119	139	496	496	139
18	120	140	500	500	140
18	121	141	504	504	141
18	122	142	508	508	142
18	123	143	512	512	143
18	124	144	516	516	144
18	125	145	520	520	145
18	126	146	524	524	146
18	127	147	528	528	147
18	128	148	532	532	148
18	129	149	536	536	149
18	130	150	540	540	150
18	131	151	544	544	151
18	132	152	548	548	152
18	133	153	552	552	153
18	134	154	556	556	154
18	135	155	560	560	155
18	136	156	564	564	156
18	137	157	568	568	157
18	138	158	572	572	158
18	139	159	576	576	159
18	140	160	580	580	160
18	141	161	584	584	161
18	142	162	588	588	162
18	143	163	592	592	163
18	144	164	596	596	164
18	145	165	600	600	165
18	146	166	604	604	166
18	147	167	608	608	167
18	148	168	612	612	168
18	149	169	616	616	169
18	150	170	620	620	170
18	151	171	624	624	171
18	152	172	628	628	172
18	153	173	632	632	173
18	154	174	636	636	174
18	155	175	640	640	175
18	156	176	644	644	176
18	157	177	648	648	177
18	158	178	652	652	178
18	159	179	656	656	179
18	160	180	660	660	180
18	161	181	664	664	181
18	162	182	668	668	182
18	163	183	672	672	183
18	164	184	676	676	184
18	165	185	680	680	185
18	166	186	684	684	186
18	167	187	688	688	187
18	168	188	692	692	188
18	169	189	696	696	189
18	170	190	700	700	190
18	171	191	704	704	191
18	172	192	708	708	192
18	173	193	712	712	193
18	174	194	716	716	194
18	175	195	720	720	195
18	176	196	724	724	196
18	177	197	728	728	197
18	178	198	732	732	198
18	179	199	736	736	199
18	180	200	740	740	200
18	181	201	744	744	201
18	182	202	748	748	202
18	183	203	752	752	203
18	184	204	756	756	204
18	185	205	760	760	205
18	186	206	764	764	206
18	187	207	768	768	207
18	188	208	772	772	208
18	189	209	776	776	209
18	190	210	780	780	210
18	191	211	784	784	211
18	192	212	788	788	212
18	193	213	792	792	213
18	194	214	796	796	214
18	195	215	800	800	215
18	196	216	804	804	216
18	197	217	808	808	217
18	198	218	812	812	218
18	199	219	816	816	219
18	200	220	820	820	220
19	1	22	24	22	22
19	2	24	28	24	24
19	3	26	32	26	26
19	4	28	36	28	28
19	5	30	40	30	30
19	6	32	44	32	32
19	7	34	48	34	34
19	8	36	52	36	36
19	9	38	56	38	38
19	10	40	60	40	40
19	11	42	64	42	42
19	12	44	68	44	44
19	13	46	72	46	46
19	14	48	76	48	48
19	15	50	80	50	50
19	16	52	84	52	52
19	17	54	88	54	54
19	18	56	92	56	56
19	19	58	96	58	58
19	20	60	100	60	60
19	21	62	104	62	62
19	22	64	108	64	64
19	23	66	112	66	66
19	24	68	116	68	68
19	25	70	120	70	70
19	26	72	124	72	72
19	27	74	128	74	74
19	28	76	132	76	76
19	29	78	136	78	78
19	30	80	140	80	80
19	31	82	144	82	82
19	32	84	148	84	84
19	33	86	152	86	86
19	34	88	156	88	88
19	35	90	160	90	90
19	36	92	164	92	92
19	37	94	168	94	94
19	38	96	172	96	96
19	39	98	176	98	98
19	40	100	180	100	100
19	41	102	184	102	102
19	42	104	188	104	104
19	43	106	192	106	106
19	44	108	196	108	108
19	45	110	200	110	110
19	46	112	204	112	112
19	47	114	208	114	114
19	48	116	212	116	116
19	49	118	216	118	118
19	50	120	220	120	120
19	51	122	224	122	122
19	52	124	228	124	124
19	53	126	232	126	126
19	54	128	236	128	128
19	55	130	240	130	130
19	56	132	244	132	132
19	57	134	248	134	134
19	58	136	252	136	136
19	59	138	256	138	138
19	60	140	260	140	140
19	61	142	264	142	142
19	62	144	268	144	144
19	63	146	272	146	146
19	64	148	276	148	148
19	65	150	280	150	150
19	66	152	284	152	152
19	67	154	288	154	154
19	68	156	292	156	156
19	69	158	296	158	158
19	70	160	300	160	160
19	71	162	304	162	162
19	72	164	308	164	164
19	73	166	312	166	166
19	74	168	316	168	168
19	75	170	320	170	170
19	76	172	324	172	172
19	77	174	328	174	174
19	78	176	332	176	176
19	79	178	336	178	178
19	80	180	340	180	180
19	81	182	344	182	182
19	82	184	348	184	184
19	83	186	352	186	186
19	84	188	356	188	188
19	85	190	360	190	190
19	86	192	364	192	192
19	87	194	368	194	194
19	88	196	372	196	196
19	89	198	376	198	198
19	90	200	380	200	200
19	91	202	384	202	202
19	92	204	388	204	204
19	93	206	392	206	206
19	94	208	396	208	208
19	95	210	400	210	210
19	96	212	404	212	212
19	97	214	408	214	214
19	98	216	412	216	216
19	99	218	416	218	218
19	100	220	420	220	220
19	101	222	424	222	222
19	102	224	428	224	224
19	103	226	432	226	226
19	104	228	436	228	228
19	105	230	440	230	230
19	106	232	444	232	232
19	107	234	448	234	234
19	108	236	452	236	236
19	109	238	456	238	238
19	110	240	460	240	240
19	111	242	464	242	242
19	112	244	468	244	244
19	113	246	472	246	246
19	114	248	476	248	248
19	115	250	480	250	250
19	116	252	484	252	252
19	117	254	488	254	254
19	118	256	492	256	256
19	119	258	496	258	258
19	120	260	500	260	260
19	121	262	504	262	262
19	122	264	508	264	264
19	123	266	512	266	266
19	124	268	516	268	268
19	125	270	520	270	270
19	126	272	524	272	272
19	127	274	528	274	274
19	128	276	532	276	276
19	129	278	536	278	278
19	130	280	540	280	280
19	131	282	544	282	282
19	132	284	548	284	284
19	133	286	552	286	286
19	134	288	556	288	288
19	135	290	560	290	290
19	136	292	564	292	292
19	137	294	568	294	294
19	138	296	572	296	296
19	139	298	576	298	298
19	140	300	580	300	300
19	141	302	584	302	302
19	142	304	588	304	304
19	143	306	592	306	306
19	144	308	596	308	308
19	145	310	600	310	310
19	146	312	604	312	312
19	147	314	608	314	314
19	148	316	612	316	316
19	149	318	616	318	318
19	150	320	620	320	320
19	151	322	624	322	322
19	152	324	628	324	324
19	153	326	632	326	326
19	154	328	636	328	328
19	155	330	640	330	330
19	156	332	644	332	332
19	157	334	648	334	334
19	158	336	652	336	336
19	159	338	656	338	338
19	160	340	660	340	340
19	161	342	664	342	342
19	162	344	668	344	344
19	163	346	672	346	346
19	164	348	676	348	348
19	165	350	680	350	350
19	166	352	684	352	352
19	167	354	688	354	354
19	168	356	692	356	356
19	169	358	696	358	358
19	170	360	700	360	360
19	171	362	704	362	362
19	172	364	708	364	364
19	173	366	712	366	366
19	174	368	716	368	368
19	175	370	720	370	370
19	176	372	724	372	372
19	177	374	728	374	374
19	178	376	732	376	376
19	179	378	736	378	378
19	180	380	740	380	380
19	181	382	744	382	382
19	182	384	748	384	384
19	183	386	752	386	386
19	184	388	756	388	388
19	185	390	760	390	390
19	186	392	764	392	392
19	187	394	768	394	394
19	188	396	772	396	396
19	189	398	776	398	398
19	190	400	780	400	400
19	191	402	784	402	402
19	192	404	788	404	404
19	193	406	792	406	406
19	194	408	796	408	408
19	195	410	800	410	410
19	196	412	804	412	412
19	197	414	808	414	414
19	198	416	812	416	416
19	199	418	816	418	418
19	200	420	820	420	420
20	1	22	23	24	21
20	2	24	26	28	22
20	3	26	29	32	23
20	4	28	32	36	24
20	5	30	35	40	25
20	6	32	38	44	26
20	7	34	41	48	27
20	8	36	44	52	28
20	9	38	47	56	29
20	10	40	50	60	30
20	11	42	53	64	31
20	12	44	56	68	32
20	13	46	59	72	33
20	14	48	62	76	34
20	15	50	65	80	35
20	16	52	68	84	36
20	17	54	71	88	37
20	18	56	74	92	38
20	19	58	77	96	39
20	20	60	80	100	40
20	21	62	83	104	41
20	22	64	86	108	42
20	23	66	89	112	43
20	24	68	92	116	44
20	25	70	95	120	45
20	26	72	98	124	46
20	27	74	101	128	47
20	28	76	104	132	48
20	29	78	107	136	49
20	30	80	110	140	50
20	31	82	113	144	51
20	32	84	116	148	52
20	33	86	119	152	53
20	34	88	122	156	54
20	35	90	125	160	55
20	36	92	128	164	56
20	37	94	131	168	57
20	38	96	134	172	58
20	39	98	137	176	59
20	40	100	140	180	60
20	41	102	143	184	61
20	42	104	146	188	62
20	43	106	149	192	63
20	44	108	152	196	64
20	45	110	155	200	65
20	46	112	158	204	66
20	47	114	161	208	67
20	48	116	164	212	68
20	49	118	167	216	69
20	50	120	170	220	70
20	51	122	173	224	71
20	52	124	176	228	72
20	53	126	179	232	73
20	54	128	182	236	74
20	55	130	185	240	75
20	56	132	188	244	76
20	57	134	191	248	77
20	58	136	194	252	78
20	59	138	197	256	79
20	60	140	200	260	80
20	61	142	203	264	81
20	62	144	206	268	82
20	63	146	209	272	83
20	64	148	212	276	84
20	65	150	215	280	85
20	66	152	218	284	86
20	67	154	221	288	87
20	68	156	224	292	88
20	69	158	227	296	89
20	70	160	230	300	90
20	71	162	233	304	91
20	72	164	236	308	92
20	73	166	239	312	93
20	74	168	242	316	94
20	75	170	245	320	95
20	76	172	248	324	96
20	77	174	251	328	97
20	78	176	254	332	98
20	79	178	257	336	99
20	80	180	260	340	100
20	81	182	263	344	101
20	82	184	266	348	102
20	83	186	269	352	103
20	84	188	272	356	104
20	85	190	275	360	105
20	86	192	278	364	106
20	87	194	281	368	107
20	88	196	284	372	108
20	89	198	287	376	109
20	90	200	290	380	110
20	91	202	293	384	111
20	92	204	296	388	112
20	93	206	299	392	113
20	94	208	302	396	114
20	95	210	305	400	115
20	96	212	308	404	116
20	97	214	311	408	117
20	98	216	314	412	118
20	99	218	317	416	119
20	100	220	320	420	120
20	101	222	323	424	121
20	102	224	326	428	122
20	103	226	329	432	123
20	104	228	332	436	124
20	105	230	335	440	125
20	106	232	338	444	126
20	107	234	341	448	127
20	108	236	344	452	128
20	109	238	347	456	129
20	110	240	350	460	130
20	111	242	353	464	131
20	112	244	356	468	132
20	113	246	359	472	133
20	114	248	362	476	134
20	115	250	365	480	135
20	116	252	368	484	136
20	117	254	371	488	137
20	118	256	374	492	138
20	119	258	377	496	139
20	120	260	380	500	140
20	121	262	383	504	141
20	122	264	386	508	142
20	123	266	389	512	143
20	124	268	392	516	144
20	125	270	395	520	145
20	126	272	398	524	146
20	127	274	401	528	147
20	128	276	404	532	148
20	129	278	407	536	149
20	130	280	410	540	150
20	131	282	413	544	151
20	132	284	416	548	152
20	133	286	419	552	153
20	134	288	422	556	154
20	135	290	425	560	155
20	136	292	428	564	156
20	137	294	431	568	157
20	138	296	434	572	158
20	139	298	437	576	159
20	140	300	440	580	160
20	141	302	443	584	161
20	142	304	446	588	162
20	143	306	449	592	163
20	144	308	452	596	164
20	145	310	455	600	165
20	146	312	458	604	166
20	147	314	461	608	167
20	148	316	464	612	168
20	149	318	467	616	169
20	150	320	470	620	170
20	151	322	473	624	171
20	152	324	476	628	172
20	153	326	479	632	173
20	154	328	482	636	174
20	155	330	485	640	175
20	156	332	488	644	176
20	157	334	491	648	177
20	158	336	494	652	178
20	159	338	497	656	179
20	160	340	500	660	180
20	161	342	503	664	181
20	162	344	506	668	182
20	163	346	509	672	183
20	164	348	512	676	184
20	165	350	515	680	185
20	166	352	518	684	186
20	167	354	521	688	187
20	168	356	524	692	188
20	169	358	527	696	189
20	170	360	530	700	190
20	171	362	533	704	191
20	172	364	536	708	192
20	173	366	539	712	193
20	174	368	542	716	194
20	175	370	545	720	195
20	176	372	548	724	196
20	177	374	551	728	197
20	178	376	554	732	198
20	179	378	557	736	199
20	180	380	560	740	200
20	181	382	563	744	201
20	182	384	566	748	202
20	183	386	569	752	203
20	184	388	572	756	204
20	185	390	575	760	205
20	186	392	578	764	206
20	187	394	581	768	207
20	188	396	584	772	208
20	189	398	587	776	209
20	190	400	590	780	210
20	191	402	593	784	211
20	192	404	596	788	212
20	193	406	599	792	213
20	194	408	602	796	214
20	195	410	605	800	215
20	196	412	608	804	216
20	197	414	611	808	217
20	198	416	614	812	218
20	199	418	617	816	219
20	200	420	620	820	220
21	1	23	22	23	22
21	2	26	24	26	24
21	3	29	26	29	26
21	4	32	28	32	28
21	5	35	30	35	30
21	6	38	32	38	32
21	7	41	34	41	34
21	8	44	36	44	36
21	9	47	38	47	38
21	10	50	40	50	40
21	11	53	42	53	42
21	12	56	44	56	44
21	13	59	46	59	46
21	14	62	48	62	48
21	15	65	50	65	50
21	16	68	52	68	52
21	17	71	54	71	54
21	18	74	56	74	56
21	19	77	58	77	58
21	20	80	60	80	60
21	21	83	62	83	62
21	22	86	64	86	64
21	23	89	66	89	66
21	24	92	68	92	68
21	25	95	70	95	70
21	26	98	72	98	72
21	27	101	74	101	74
21	28	104	76	104	76
21	29	107	78	107	78
21	30	110	80	110	80
21	31	113	82	113	82
21	32	116	84	116	84
21	33	119	86	119	86
21	34	122	88	122	88
21	35	125	90	125	90
21	36	128	92	128	92
21	37	131	94	131	94
21	38	134	96	134	96
21	39	137	98	137	98
21	40	140	100	140	100
21	41	143	102	143	102
21	42	146	104	146	104
21	43	149	106	149	106
21	44	152	108	152	108
21	45	155	110	155	110
21	46	158	112	158	112
21	47	161	114	161	114
21	48	164	116	164	116
21	49	167	118	167	118
21	50	170	120	170	120
21	51	173	122	173	122
21	52	176	124	176	124
21	53	179	126	179	126
21	54	182	128	182	128
21	55	185	130	185	130
21	56	188	132	188	132
21	57	191	134	191	134
21	58	194	136	194	136
21	59	197	138	197	138
21	60	200	140	200	140
21	61	203	142	203	142
21	62	206	144	206	144
21	63	209	146	209	146
21	64	212	148	212	148
21	65	215	150	215	150
21	66	218	152	218	152
21	67	221	154	221	154
21	68	224	156	224	156
21	69	227	158	227	158
21	70	230	160	230	160
21	71	233	162	233	162
21	72	236	164	236	164
21	73	239	166	239	166
21	74	242	168	242	168
21	75	245	170	245	170
21	76	248	172	248	172
21	77	251	174	251	174
21	78	254	176	254	176
21	79	257	178	257	178
21	80	260	180	260	180
21	81	263	182	263	182
21	82	266	184	266	184
21	83	269	186	269	186
21	84	272	188	272	188
21	85	275	190	275	190
21	86	278	192	278	192
21	87	281	194	281	194
21	88	284	196	284	196
21	89	287	198	287	198
21	90	290	200	290	200
21	91	293	202	293	202
21	92	296	204	296	204
21	93	299	206	299	206
21	94	302	208	302	208
21	95	305	210	305	210
21	96	308	212	308	212
21	97	311	214	311	214
21	98	314	216	314	216
21	99	317	218	317	218
21	100	320	220	320	220
21	101	323	222	323	222
21	102	326	224	326	224
21	103	329	226	329	226
21	104	332	228	332	228
21	105	335	230	335	230
21	106	338	232	338	232
21	107	341	234	341	234
21	108	344	236	344	236
21	109	347	238	347	238
21	110	350	240	350	240
21	111	353	242	353	242
21	112	356	244	356	244
21	113	359	246	359	246
21	114	362	248	362	248
21	115	365	250	365	250
21	116	368	252	368	252
21	117	371	254	371	254
21	118	374	256	374	256
21	119	377	258	377	258
21	120	380	260	380	260
21	121	383	262	383	262
21	122	386	264	386	264
21	123	389	266	389	266
21	124	392	268	392	268
21	125	395	270	395	270
21	126	398	272	398	272
21	127	401	274	401	274
21	128	404	276	404	276
21	129	407	278	407	278
21	130	410	280	410	280
21	131	413	282	413	282
21	132	416	284	416	284
21	133	419	286	419	286
21	134	422	288	422	288
21	135	425	290	425	290
21	136	428	292	428	292
21	137	431	294	431	294
21	138	434	296	434	296
21	139	437	298	437	298
21	140	440	300	440	300
21	141	443	302	443	302
21	142	446	304	446	304
21	143	449	306	449	306
21	144	452	308	452	308
21	145	455	310	455	310
21	146	458	312	458	312
21	147	461	314	461	314
21	148	464	316	464	316
21	149	467	318	467	318
21	150	470	320	470	320
21	151	473	322	473	322
21	152	476	324	476	324
21	153	479	326	479	326
21	154	482	328	482	328
21	155	485	330	485	330
21	156	488	332	488	332
21	157	491	334	491	334
21	158	494	336	494	336
21	159	497	338	497	338
21	160	500	340	500	340
21	161	503	342	503	342
21	162	506	344	506	344
21	163	509	346	509	346
21	164	512	348	512	348
21	165	515	350	515	350
21	166	518	352	518	352
21	167	521	354	521	354
21	168	524	356	524	356
21	169	527	358	527	358
21	170	530	360	530	360
21	171	533	362	533	362
21	172	536	364	536	364
21	173	539	366	539	366
21	174	542	368	542	368
21	175	545	370	545	370
21	176	548	372	548	372
21	177	551	374	551	374
21	178	554	376	554	376
21	179	557	378	557	378
21	180	560	380	560	380
21	181	563	382	563	382
21	182	566	384	566	384
21	183	569	386	569	386
21	184	572	388	572	388
21	185	575	390	575	390
21	186	578	392	578	392
21	187	581	394	581	394
21	188	584	396	584	396
21	189	587	398	587	398
21	190	590	400	590	400
21	191	593	402	593	402
21	192	596	404	596	404
21	193	599	406	599	406
21	194	602	408	602	408
21	195	605	410	605	410
21	196	608	412	608	412
21	197	611	414	611	414
21	198	614	416	614	416
21	199	617	418	617	418
21	200	620	420	620	420
