EquipItem	WaiYiItem	Cost	TimeOut	Desc
61	2570	150000		T1衣服
62	2571	150000		T2衣服
63	2572	150000		T3衣服
64	2573	150000		T4衣服
65	2574	150000		T5衣服
66	2575	150000		T6衣服
67	2576	150000		T7衣服
68	2577	150000		T8衣服
69	2578	150000		T9衣服
70	2579	150000		T10衣服
4961	5269	150000		T11衣服
4962	5273	150000		T12衣服
4963	5277	150000		T13衣服
4964	5281	150000		T14衣服
4965	5285	150000		T15衣服
4966	5289	150000		T16衣服
4967	5293	150000		T17衣服
4968	5297	150000		T18衣服
161	2570	150000		T1【稀有】衣服
162	2571	150000		T2【稀有】衣服
163	2572	150000		T3【稀有】衣服
164	2573	150000		T4【稀有】衣服
165	2574	150000		T5【稀有】衣服
166	2575	150000		T6【稀有】衣服
167	2576	150000		T7【稀有】衣服
168	2577	150000		T8【稀有】衣服
169	2578	150000		T9【稀有】衣服
170	2579	150000		T10【稀有】衣服
5061	5269	150000		T11【稀有】衣服
5062	5273	150000		T12【稀有】衣服
5063	5277	150000		T13【稀有】衣服
5064	5281	150000		T14【稀有】衣服
5065	5285	150000		T15【稀有】衣服
5066	5289	150000		T16【稀有】衣服
5067	5293	150000		T17【稀有】衣服
5068	5297	150000		T18【稀有】衣服
1570	2570	150000		T1【传承】衣服
1571	2571	150000		T2【传承】衣服
1572	2572	150000		T3【传承】衣服
1573	2573	150000		T4【传承】衣服
1574	2574	150000		T5【传承】衣服
1575	2575	150000		T6【传承】衣服
1576	2576	150000		T7【传承】衣服
1577	2577	150000		T8【传承】衣服
3611	2578	150000		T9【传承】衣服
3612	2579	150000		T10【传承】衣服
5161	5269	150000		T11【传承】衣服
5162	5273	150000		T12【传承】衣服
5163	5277	150000		T13【传承】衣服
5164	5281	150000		T14【传承】衣服
5165	5285	150000		T15【传承】衣服
5166	5289	150000		T16【传承】衣服
5167	5293	150000		T17【传承】衣服
5168	5297	150000		T18【传承】衣服
1252	2570	150000		T1衣服（定制）
1529	2570	150000		T1衣服（定制）
2667	2512			T1外装
2681	2516		604800	T1外装，首充赠送
2700	2580			新手装
2706	2702			T2外装
3310	3259			T3外装
3311	3263			T4外装
3864	6288			T5外装
3870	6288			港服-T5时装(黑帮)·颜色1
3871	6289			港服-T5时装(黑帮)·颜色2
3872	6290			港服-T5时装(黑帮)·颜色3
3873	6291			港服-T5时装(黑帮)·颜色4
6873	6288			T5时装全门派（黑帮）
6344	6288			T5时装天王（黑帮）
6345	6288			T5时装峨眉（黑帮）
6346	6288			T5时装桃花（黑帮）
6347	6288			T5时装逍遥（黑帮）
6348	6288			T5时装武当（黑帮）
6349	6288			T5时装天忍（黑帮）
6350	6288			T5时装少林（黑帮）
6351	6288			T5时装翠烟（黑帮）
6352	6288			T5时装唐门（黑帮）
6353	6288			T5时装昆仑（黑帮）
6354	6288			T5时装丐帮（黑帮）
6355	6288			T5时装五毒（黑帮）
6356	6288			T5时装藏剑（黑帮）
6357	6288			T5时装长歌（黑帮）
4508	4243			T6外装天王·华贵
4509	4243			T6外装峨眉·华贵
4510	4243			T6外装桃花·华贵
4511	4243			T6外装逍遥·华贵
4512	4243			T6外装武当·华贵
4513	4243			T6外装天忍·华贵
4514	4243			T6外装少林·华贵
4515	4243			T6外装翠烟·华贵
4516	4243			T6外装唐门·华贵
4517	4243			T6外装昆仑·华贵
4518	4243			T6外装丐帮·华贵
4519	4243			T6外装五毒·华贵
6874	3874			T6外装全门派
4448	3874			T6外装天王
4449	3874			T6外装峨眉
4450	3874			T6外装桃花
4451	3874			T6外装逍遥
4452	3874			T6外装武当
4453	3874			T6外装天忍
4454	3874			T6外装少林
4455	3874			T6外装翠烟
4456	3874			T6外装唐门
4457	3874			T6外装昆仑
4458	3874			T6外装丐帮
4459	3874			T6外装五毒
6204	3874			T6外装藏剑
6205	3874			T6外装长歌
6872	3878			【全门派】浮光若梦系列
5969	3878			【天王】浮光·梦羽
5970	3878			【峨眉】浮光·梦缘
5971	3878			【桃花】浮光·梦蝶
5972	3878			【逍遥】浮光·梦羽
5973	3878			【武当】浮光·梦缘
5974	3878			【天忍】浮光·梦羽
5975	3878			【少林】浮光·梦缘
5976	3878			【翠烟】浮光·梦蝶
5977	3878			【唐门】浮光·梦羽
5978	3878			【昆仑】浮光·梦缘
5979	3878			【丐帮】浮光·梦缘
5980	3878			【五毒】浮光·梦蝶
5981	3878			【藏剑】浮光·梦缘
5982	3878			【长歌】浮光·梦缘
5983	3882			T8外装天王（韩服）
5984	5915			T8外装峨眉（韩服）
5985	5919			T8外装桃花（韩服）
5986	5923			T8外装逍遥（韩服）
5987	5927			T8外装武当（韩服）
5988	5931			T8外装天忍（韩服）
5989	5935			T8外装少林（韩服）
5990	5939			T8外装翠烟（韩服）
6145	6146		259200	韩服·3天
3569	3568		15552000	艺趣·盛典华服·180天
3645	3568		604800	艺趣·盛典华服（7天）
12025	3568			艺趣·盛典华服
4745	4743		259200	周年庆典华服·3天
4891	4892			周年庆典华服
7371	4743		1296000	周年庆典华服·15天
3895	3896		604800	江湖侠少装(7天)
4493	2516		259200	T1时装·3天
4494	2516		604800	T1时装·7天
4495	2516		2592000	T1时装·30天
4496	4481		259200	T2时装·3天
4497	4481		604800	T2时装·7天
4498	4481		2592000	T2时装·30天
4499	4484		259200	T3时装·3天
4500	4484		604800	T3时装·7天
4501	4484		2592000	T3时装·30天
4502	4487		259200	T4时装·3天
4503	4487		604800	T4时装·7天
4504	4487		2592000	T4时装·30天
4505	4490		259200	T5时装·3天
4506	4490		604800	T5时装·7天
4507	4490		2592000	T5时装·30天
8287	4772		259200	T6时装·3天
8288	4772		604800	T6时装·7天
8289	4772		2592000	T6时装·30天
8290	6741		259200	T7浮光若梦·3天
8291	6741		604800	T7浮光若梦·7天
6877	6741		2592000	T7浮光若梦·30天
8292	7123		259200	T9丝路流纱·3天
7125	7123		604800	T9丝路流纱·7天
7124	7123		2592000	T9丝路流纱·30天
8293	8284		259200	T11·2018新年·3天
8294	8284		604800	T11·2018新年·7天
8295	8284		2592000	T11·2018新年·30天
8296	8285		259200	T12<夏莲高级>时装·3天
8297	8285		604800	T12<夏莲高级>时装·7天
8298	8285		2592000	T12<夏莲高级>时装·30天
8299	8286		259200	T12A<夏莲普通>时装·3天
8300	8286		604800	T12A<夏莲普通>时装·7天
8301	8286		2592000	T12A<夏莲普通>时装·30天
4760	4772		5184000	【天王】T6时装·60天
4761	4772		5184000	【峨眉】T6时装·60天
4762	4772		5184000	【桃花】T6时装·60天
4763	4772		5184000	【逍遥】T6时装·60天
4764	4772		5184000	【武当】T6时装·60天
4765	4772		5184000	【天忍】T6时装·60天
4766	4772		5184000	【少林】T6时装·60天
4767	4772		5184000	【翠烟】T6时装·60天
4768	4772		5184000	【唐门】T6时装·60天
4769	4772		5184000	【昆仑】T6时装·60天
4770	4772		5184000	【丐帮】T6时装·60天
4771	4772		5184000	【五毒】T6时装·60天
7367	4772		5184000	【藏剑】T6时装·60天
7368	4772		5184000	【长歌】T6时装·60天
6203	3225			新手武器
1	3249	300000		T1武器
2	3250	300000		T2武器
3	3251	300000		T3武器
4	3252	300000		T4武器
5	3253	300000		T5武器
6	3254	300000		T6武器
7	3255	300000		T7武器
8	3256	300000		T8武器
9	3257	300000		T9武器
10	3258	300000		T10武器
4901	5311	300000		T11武器
4902	5315	300000		T12武器
4903	5319	300000		T13武器
4904	5323	300000		T14武器
4905	5327	300000		T15武器
4906	5331	300000		T16武器
4907	5335	300000		T17武器
4908	5339	300000		T18武器
101	3249	300000		T1【稀有】武器
102	3250	300000		T2【稀有】武器
103	3251	300000		T3【稀有】武器
104	3252	300000		T4【稀有】武器
105	3253	300000		T5【稀有】武器
106	3254	300000		T6【稀有】武器
107	3255	300000		T7【稀有】武器
108	3256	300000		T8【稀有】武器
109	3257	300000		T9【稀有】武器
110	3258	300000		T10【稀有】武器
5001	5311	300000		T11【稀有】武器
5002	5315	300000		T12【稀有】武器
5003	5319	300000		T13【稀有】武器
5004	5323	300000		T14【稀有】武器
5005	5327	300000		T15【稀有】武器
5006	5331	300000		T16【稀有】武器
5007	5335	300000		T17【稀有】武器
5008	5339	300000		T18【稀有】武器
1530	3249	300000		T1【传承】武器
1531	3250	300000		T2【传承】武器
1532	3251	300000		T3【传承】武器
1533	3252	300000		T4【传承】武器
1534	3253	300000		T5【传承】武器
1535	3254	300000		T6【传承】武器
1536	3255	300000		T7【传承】武器
1537	3256	300000		T8【传承】武器
3599	3257	300000		T9【传承】武器
3600	3258	300000		T10【传承】武器
5101	5311	300000		T11【传承】武器
5102	5315	300000		T12【传承】武器
5103	5319	300000		T13【传承】武器
5104	5323	300000		T14【传承】武器
5105	5327	300000		T15【传承】武器
5106	5331	300000		T16【传承】武器
5107	5335	300000		T17【传承】武器
5108	5339	300000		T18【传承】武器
1246	3249	300000		T1武器（定制）
7421	4047			寒霜
4738	4735		2592000	寒霜（外装30天）
4739	4736		2592000	寒霜倩影（外装30天）
9704	4736		31536000	寒霜倩影（外装1年）
10778	4736			寒霜倩影
11927	4736		259200	寒霜倩影（3天）
4740	4737		2592000	小黑（外装30天）
4863	4865		31536000	紫幽灵鹿（外装1年）
4864	4866		31536000	云魅灵鹿（外装1年）
4869	4868		31536000	星芒·云魅灵鹿（外装1年）
10153	10152		15768000	踢金·蓝湛灵鹿（外装半年）
7291	7280			炽影
7422	7423		5184000	炽影（外装60天）
8279	7423		31536000	炽影（外装1年）
7297	7296		7776000	福瑞灵鹿
4746	3933			【天王】流星水果锤
4747	4381			【峨眉】蔷薇风霜剑
4748	4385			【桃花】晴天落花弓
4749	4389			【逍遥】飞天流彗枪
4750	4393			【武当】太岳金桔剑
4751	4397			【天忍】破月春花刺
4752	4401			【少林】扶风破梦杖
4753	4405			【翠烟】梦幻芙蕖枝
4754	4409			【唐门】神弩木生花
4755	4413			【昆仑】桃花笑春风
4756	4417			【丐帮】翠玉青竹杖
4757	4421			【五毒】苗疆朝颜笛
6206	5351			【藏剑】冷杉翠芽枝
6207	5355			【长歌】摇曳百合束
6987	6701			【天山】玉音海棠枝
7679	7515			【霸刀】思秋黄柳束
8527	8440			【华山】离愁光明草
10137	9719			【明教】梅盛繁星环
10600	10495			【段氏】羞玉芙蓉莲
11365	11051			【万花】风骨黄槿玉
12009	11838			【杨门】傲阳葡萄藤
6710	6741		2592000	【天王】浮光·梦羽（30天）
6711	6741		2592000	【峨眉】浮光·梦缘（30天）
6712	6741		2592000	【桃花】浮光·梦蝶（30天）
6713	6741		2592000	【逍遥】浮光·梦羽（30天）
6714	6741		2592000	【武当】浮光·梦缘（30天）
6715	6741		2592000	【天忍】浮光·梦羽（30天）
6716	6741		2592000	【少林】浮光·梦缘（30天）
6717	6741		2592000	【翠烟】浮光·梦蝶（30天）
6718	6741		2592000	【唐门】浮光·梦羽（30天）
6719	6741		2592000	【昆仑】浮光·梦缘（30天）
6720	6741		2592000	【丐帮】浮光·梦缘（30天）
6721	6741		2592000	【五毒】浮光·梦蝶（30天）
6722	6741		2592000	【藏剑】浮光·梦缘（30天）
6723	6741		2592000	【长歌】浮光·梦缘（30天）
6757	6742		2592000	【天王】流星水果锤·30天
6758	6743		2592000	【峨眉】蔷薇风霜剑·30天
6759	6744		2592000	【桃花】晴天落花弓·30天
6760	6745		2592000	【逍遥】飞天流彗枪·30天
6761	6746		2592000	【武当】太岳金桔剑·30天
6762	6747		2592000	【天忍】破月春花刺·30天
6763	6748		2592000	【少林】扶风破梦杖·30天
6764	6749		2592000	【翠烟】梦幻芙蕖枝·30天
6765	6750		2592000	【唐门】神弩木生花·30天
6766	6751		2592000	【昆仑】桃花笑春风·30天
6767	6752		2592000	【丐帮】翠玉青竹杖·30天
6768	6753		2592000	【五毒】苗疆朝颜笛·30天
6769	6754		2592000	【藏剑】冷杉翠芽枝·30天
6770	6755		2592000	【长歌】摇曳百合束·30天
6988	6756		2592000	【天山】玉音海棠枝·30天
7680	7681		2592000	【霸刀】思秋黄柳束·30天
8528	8529		2592000	【华山】离愁光明草·30天
10138	9724		2592000	【明教】梅盛繁星环·30天
10601	10500		2592000	【段氏】羞玉芙蓉莲·30天
11366	11060		2592000	【万花】风骨黄槿玉·30天
12010	11843		2592000	【杨门】傲阳葡萄藤·30天
6292	6288			T5时装全门派（黑帮）配色1
6293	6289			T5时装全门派（黑帮）配色2
6294	6290			T5时装全门派（黑帮）配色3
6295	6291			T5时装全门派（黑帮）配色4
6296	6288			T5时装全门派（黑帮）配色1
6297	6289			T5时装全门派（黑帮）配色2
6298	6290			T5时装全门派（黑帮）配色3
6299	6291			T5时装全门派（黑帮）配色4
6300	6288			T5时装全门派（黑帮）配色1
6301	6289			T5时装全门派（黑帮）配色2
6302	6290			T5时装全门派（黑帮）配色3
6303	6291			T5时装全门派（黑帮）配色4
6304	6288			T5时装全门派（黑帮）配色1
6305	6289			T5时装全门派（黑帮）配色2
6306	6290			T5时装全门派（黑帮）配色3
6307	6291			T5时装全门派（黑帮）配色4
6308	6288			T5时装全门派（黑帮）配色1
6309	6289			T5时装全门派（黑帮）配色2
6310	6290			T5时装全门派（黑帮）配色3
6311	6291			T5时装全门派（黑帮）配色4
6312	6288			T5时装全门派（黑帮）配色1
6313	6289			T5时装全门派（黑帮）配色2
6314	6290			T5时装全门派（黑帮）配色3
6315	6291			T5时装全门派（黑帮）配色4
6316	6288			T5时装全门派（黑帮）配色1
6317	6289			T5时装全门派（黑帮）配色2
6318	6290			T5时装全门派（黑帮）配色3
6319	6291			T5时装全门派（黑帮）配色4
6320	6288			T5时装全门派（黑帮）配色1
6321	6289			T5时装全门派（黑帮）配色2
6322	6290			T5时装全门派（黑帮）配色3
6323	6291			T5时装全门派（黑帮）配色4
6324	6288			T5时装全门派（黑帮）配色1
6325	6289			T5时装全门派（黑帮）配色2
6326	6290			T5时装全门派（黑帮）配色3
6327	6291			T5时装全门派（黑帮）配色4
6328	6288			T5时装全门派（黑帮）配色1
6329	6289			T5时装全门派（黑帮）配色2
6330	6290			T5时装全门派（黑帮）配色3
6331	6291			T5时装全门派（黑帮）配色4
6332	6288			T5时装全门派（黑帮）配色1
6333	6289			T5时装全门派（黑帮）配色2
6334	6290			T5时装全门派（黑帮）配色3
6335	6291			T5时装全门派（黑帮）配色4
6336	6288			T5时装全门派（黑帮）配色1
6337	6289			T5时装全门派（黑帮）配色2
6338	6290			T5时装全门派（黑帮）配色3
6339	6291			T5时装全门派（黑帮）配色4
6340	6288			T5时装全门派（黑帮）配色1
6341	6289			T5时装全门派（黑帮）配色2
6342	6290			T5时装全门派（黑帮）配色3
6343	6291			T5时装全门派（黑帮）配色4
6651	6288			T5时装全门派（黑帮）配色1
6652	6289			T5时装全门派（黑帮）配色2
6653	6290			T5时装全门派（黑帮）配色3
6654	6291			T5时装全门派（黑帮）配色4
6540	6539			T5时装全门派（黑帮）月牙白
6541	6539			T5时装全门派（黑帮）月牙白
6542	6539			T5时装全门派（黑帮）月牙白
6543	6539			T5时装全门派（黑帮）月牙白
6544	6539			T5时装全门派（黑帮）月牙白
6545	6539			T5时装全门派（黑帮）月牙白
6546	6539			T5时装全门派（黑帮）月牙白
6547	6539			T5时装全门派（黑帮）月牙白
6548	6539			T5时装全门派（黑帮）月牙白
6549	6539			T5时装全门派（黑帮）月牙白
6550	6539			T5时装全门派（黑帮）月牙白
6551	6539			T5时装全门派（黑帮）月牙白
6552	6539			T5时装全门派（黑帮）月牙白
6655	6539			T5时装全门派（黑帮）月牙白
4326	3874			T6时装全门派（自然）
4327	3875			T6时装全门派（自然）·偏色1
4328	3876			T6时装全门派（自然）·偏色2
4329	3877			T6时装全门派（自然）·偏色3
4330	3874			T6时装全门派（自然）
4331	3875			T6时装全门派（自然）·偏色1
4332	3876			T6时装全门派（自然）·偏色2
4333	3877			T6时装全门派（自然）·偏色3
4334	3874			T6时装全门派（自然）
4335	3875			T6时装全门派（自然）·偏色1
4336	3876			T6时装全门派（自然）·偏色2
4337	3877			T6时装全门派（自然）·偏色3
4338	3874			T6时装全门派（自然）
4339	3875			T6时装全门派（自然）·偏色1
4340	3876			T6时装全门派（自然）·偏色2
4341	3877			T6时装全门派（自然）·偏色3
4342	3874			T6时装全门派（自然）
4343	3875			T6时装全门派（自然）·偏色1
4344	3876			T6时装全门派（自然）·偏色2
4345	3877			T6时装全门派（自然）·偏色3
4346	3874			T6时装全门派（自然）
4347	3875			T6时装全门派（自然）·偏色1
4348	3876			T6时装全门派（自然）·偏色2
4349	3877			T6时装全门派（自然）·偏色3
4350	3874			T6时装全门派（自然）
4351	3875			T6时装全门派（自然）·偏色1
4352	3876			T6时装全门派（自然）·偏色2
4353	3877			T6时装全门派（自然）·偏色3
4354	3874			T6时装全门派（自然）
4355	3875			T6时装全门派（自然）·偏色1
4356	3876			T6时装全门派（自然）·偏色2
4357	3877			T6时装全门派（自然）·偏色3
4358	3874			T6时装全门派（自然）
4359	3875			T6时装全门派（自然）·偏色1
4360	3876			T6时装全门派（自然）·偏色2
4361	3877			T6时装全门派（自然）·偏色3
4362	3874			T6时装全门派（自然）
4363	3875			T6时装全门派（自然）·偏色1
4364	3876			T6时装全门派（自然）·偏色2
4365	3877			T6时装全门派（自然）·偏色3
4366	3874			T6时装全门派（自然）
4367	3875			T6时装全门派（自然）·偏色1
4368	3876			T6时装全门派（自然）·偏色2
4369	3877			T6时装全门派（自然）·偏色3
5259	3874			T6时装全门派（自然）
5260	3875			T6时装全门派（自然）·偏色1
5261	3876			T6时装全门派（自然）·偏色2
5262	3877			T6时装全门派（自然）·偏色3
5263	3874			T6时装全门派（自然）
5264	3875			T6时装全门派（自然）·偏色1
5265	3876			T6时装全门派（自然）·偏色2
5266	3877			T6时装全门派（自然）·偏色3
6656	3874			T6时装全门派（自然）
6657	3875			T6时装全门派（自然）·偏色1
6658	3876			T6时装全门派（自然）·偏色2
6659	3877			T6时装全门派（自然）·偏色3
4370	4243			T6时装全门派（自然）·特殊
4371	4243			T6时装全门派（自然）·特殊
4372	4243			T6时装全门派（自然）·特殊
4373	4243			T6时装全门派（自然）·特殊
4374	4243			T6时装全门派（自然）·特殊
4375	4243			T6时装全门派（自然）·特殊
4376	4243			T6时装全门派（自然）·特殊
4377	4243			T6时装全门派（自然）·特殊
4378	4243			T6时装全门派（自然）·特殊
4379	4243			T6时装全门派（自然）·特殊
4380	4243			T6时装全门派（自然）·特殊
5267	4243			T6时装全门派（自然）·特殊
5268	4243			T6时装全门派（自然）·特殊
6660	4243			T6时装全门派（自然）·特殊
4773	4772		5184000	T6时装全门派（自然）·60天
4774	4772		5184000	T6时装全门派（自然）·60天
4775	4772		5184000	T6时装全门派（自然）·60天
4776	4772		5184000	T6时装全门派（自然）·60天
4777	4772		5184000	T6时装全门派（自然）·60天
4778	4772		5184000	T6时装全门派（自然）·60天
4779	4772		5184000	T6时装全门派（自然）·60天
4780	4772		5184000	T6时装全门派（自然）·60天
4781	4772		5184000	T6时装全门派（自然）·60天
4782	4772		5184000	T6时装全门派（自然）·60天
4783	4772		5184000	T6时装全门派（自然）·60天
7369	4772		5184000	T6时装全门派（自然）·60天
7370	4772		5184000	T6时装全门派（自然）·60天
5863	3878			T7时装全门派（浮光）
5864	3879			T7时装全门派（浮光）·偏色1
5865	3880			T7时装全门派（浮光）·偏色2
5866	3881			T7时装全门派（浮光）·偏色3
5867	3878			T7时装全门派（浮光）
5868	3879			T7时装全门派（浮光）·偏色1
5869	3880			T7时装全门派（浮光）·偏色2
5870	3881			T7时装全门派（浮光）·偏色3
5871	3878			T7时装全门派（浮光）
5872	3879			T7时装全门派（浮光）·偏色1
5873	3880			T7时装全门派（浮光）·偏色2
5874	3881			T7时装全门派（浮光）·偏色3
5875	3878			T7时装全门派（浮光）
5876	3879			T7时装全门派（浮光）·偏色1
5877	3880			T7时装全门派（浮光）·偏色2
5878	3881			T7时装全门派（浮光）·偏色3
5879	3878			T7时装全门派（浮光）
5880	3879			T7时装全门派（浮光）·偏色1
5881	3880			T7时装全门派（浮光）·偏色2
5882	3881			T7时装全门派（浮光）·偏色3
5883	3878			T7时装全门派（浮光）
5884	3879			T7时装全门派（浮光）·偏色1
5885	3880			T7时装全门派（浮光）·偏色2
5886	3881			T7时装全门派（浮光）·偏色3
5887	3878			T7时装全门派（浮光）
5888	3879			T7时装全门派（浮光）·偏色1
5889	3880			T7时装全门派（浮光）·偏色2
5890	3881			T7时装全门派（浮光）·偏色3
5891	3878			T7时装全门派（浮光）
5892	3879			T7时装全门派（浮光）·偏色1
5893	3880			T7时装全门派（浮光）·偏色2
5894	3881			T7时装全门派（浮光）·偏色3
5895	3878			T7时装全门派（浮光）
5896	3879			T7时装全门派（浮光）·偏色1
5897	3880			T7时装全门派（浮光）·偏色2
5898	3881			T7时装全门派（浮光）·偏色3
5899	3878			T7时装全门派（浮光）
5900	3879			T7时装全门派（浮光）·偏色1
5901	3880			T7时装全门派（浮光）·偏色2
5902	3881			T7时装全门派（浮光）·偏色3
5903	3878			T7时装全门派（浮光）
5904	3879			T7时装全门派（浮光）·偏色1
5905	3880			T7时装全门派（浮光）·偏色2
5906	3881			T7时装全门派（浮光）·偏色3
5907	3878			T7时装全门派（浮光）
5908	3879			T7时装全门派（浮光）·偏色1
5909	3880			T7时装全门派（浮光）·偏色2
5910	3881			T7时装全门派（浮光）·偏色3
5911	3878			T7时装全门派（浮光）
5912	3879			T7时装全门派（浮光）·偏色1
5913	3880			T7时装全门派（浮光）·偏色2
5914	3881			T7时装全门派（浮光）·偏色3
6661	3878			T7时装全门派（浮光）
6662	3879			T7时装全门派（浮光）·偏色1
6663	3880			T7时装全门派（浮光）·偏色2
6664	3881			T7时装全门派（浮光）·偏色3
6724	6741		2592000	T7时装全门派（浮光）·30天
6725	6741		2592000	T7时装全门派（浮光）·30天
6726	6741		2592000	T7时装全门派（浮光）·30天
6727	6741		2592000	T7时装全门派（浮光）·30天
6728	6741		2592000	T7时装全门派（浮光）·30天
6729	6741		2592000	T7时装全门派（浮光）·30天
6730	6741		2592000	T7时装全门派（浮光）·30天
6731	6741		2592000	T7时装全门派（浮光）·30天
6732	6741		2592000	T7时装全门派（浮光）·30天
6733	6741		2592000	T7时装全门派（浮光）·30天
6734	6741		2592000	T7时装全门派（浮光）·30天
6735	6741		2592000	T7时装全门派（浮光）·30天
6736	6741		2592000	T7时装全门派（浮光）·30天
6737	6741		2592000	T7时装全门派（浮光）·30天
5915	3882			T8时装全门派（韩服）
5916	3883			T8时装全门派（韩服）·偏色1
5917	3884			T8时装全门派（韩服）·偏色2
5918	3885			T8时装全门派（韩服）·偏色3
5919	3882			T8时装全门派（韩服）
5920	3883			T8时装全门派（韩服）·偏色1
5921	3884			T8时装全门派（韩服）·偏色2
5922	3885			T8时装全门派（韩服）·偏色3
5923	3882			T8时装全门派（韩服）
5924	3883			T8时装全门派（韩服）·偏色1
5925	3884			T8时装全门派（韩服）·偏色2
5926	3885			T8时装全门派（韩服）·偏色3
5927	3882			T8时装全门派（韩服）
5928	3883			T8时装全门派（韩服）·偏色1
5929	3884			T8时装全门派（韩服）·偏色2
5930	3885			T8时装全门派（韩服）·偏色3
5931	3882			T8时装全门派（韩服）
5932	3883			T8时装全门派（韩服）·偏色1
5933	3884			T8时装全门派（韩服）·偏色2
5934	3885			T8时装全门派（韩服）·偏色3
5935	3882			T8时装全门派（韩服）
5936	3883			T8时装全门派（韩服）·偏色1
5937	3884			T8时装全门派（韩服）·偏色2
5938	3885			T8时装全门派（韩服）·偏色3
5939	3882			T8时装全门派（韩服）
5940	3883			T8时装全门派（韩服）·偏色1
5941	3884			T8时装全门派（韩服）·偏色2
5942	3885			T8时装全门派（韩服）·偏色3
5943	3882			T8时装全门派（韩服）
5944	3883			T8时装全门派（韩服）·偏色1
5945	3884			T8时装全门派（韩服）·偏色2
5946	3885			T8时装全门派（韩服）·偏色3
5947	3882			T8时装全门派（韩服）
5948	3883			T8时装全门派（韩服）·偏色1
5949	3884			T8时装全门派（韩服）·偏色2
5950	3885			T8时装全门派（韩服）·偏色3
5951	3882			T8时装全门派（韩服）
5952	3883			T8时装全门派（韩服）·偏色1
5953	3884			T8时装全门派（韩服）·偏色2
5954	3885			T8时装全门派（韩服）·偏色3
5955	3882			T8时装全门派（韩服）
5956	3883			T8时装全门派（韩服）·偏色1
5957	3884			T8时装全门派（韩服）·偏色2
5958	3885			T8时装全门派（韩服）·偏色3
5959	3882			T8时装全门派（韩服）
5960	3883			T8时装全门派（韩服）·偏色1
5961	3884			T8时装全门派（韩服）·偏色2
5962	3885			T8时装全门派（韩服）·偏色3
5963	3882			T8时装全门派（韩服）
5964	3883			T8时装全门派（韩服）·偏色1
5965	3884			T8时装全门派（韩服）·偏色2
5966	3885			T8时装全门派（韩服）·偏色3
6554	3886			T9时装全门派（轻纱）
6555	3887			T9时装全门派（轻纱）·偏色1
6556	3888			T9时装全门派（轻纱）·偏色2
6557	3889			T9时装全门派（轻纱）·偏色3
6558	3886			T9时装全门派（轻纱）
6559	3887			T9时装全门派（轻纱）·偏色1
6560	3888			T9时装全门派（轻纱）·偏色2
6561	3889			T9时装全门派（轻纱）·偏色3
6562	3886			T9时装全门派（轻纱）
6563	3887			T9时装全门派（轻纱）·偏色1
6564	3888			T9时装全门派（轻纱）·偏色2
6565	3889			T9时装全门派（轻纱）·偏色3
6566	3886			T9时装全门派（轻纱）
6567	3887			T9时装全门派（轻纱）·偏色1
6568	3888			T9时装全门派（轻纱）·偏色2
6569	3889			T9时装全门派（轻纱）·偏色3
6570	3886			T9时装全门派（轻纱）
6571	3887			T9时装全门派（轻纱）·偏色1
6572	3888			T9时装全门派（轻纱）·偏色2
6573	3889			T9时装全门派（轻纱）·偏色3
6574	3886			T9时装全门派（轻纱）
6575	3887			T9时装全门派（轻纱）·偏色1
6576	3888			T9时装全门派（轻纱）·偏色2
6577	3889			T9时装全门派（轻纱）·偏色3
6578	3886			T9时装全门派（轻纱）
6579	3887			T9时装全门派（轻纱）·偏色1
6580	3888			T9时装全门派（轻纱）·偏色2
6581	3889			T9时装全门派（轻纱）·偏色3
6582	3886			T9时装全门派（轻纱）
6583	3887			T9时装全门派（轻纱）·偏色1
6584	3888			T9时装全门派（轻纱）·偏色2
6585	3889			T9时装全门派（轻纱）·偏色3
6586	3886			T9时装全门派（轻纱）
6587	3887			T9时装全门派（轻纱）·偏色1
6588	3888			T9时装全门派（轻纱）·偏色2
6589	3889			T9时装全门派（轻纱）·偏色3
6590	3886			T9时装全门派（轻纱）
6591	3887			T9时装全门派（轻纱）·偏色1
6592	3888			T9时装全门派（轻纱）·偏色2
6593	3889			T9时装全门派（轻纱）·偏色3
6594	3886			T9时装全门派（轻纱）
6595	3887			T9时装全门派（轻纱）·偏色1
6596	3888			T9时装全门派（轻纱）·偏色2
6597	3889			T9时装全门派（轻纱）·偏色3
6598	3886			T9时装全门派（轻纱）
6599	3887			T9时装全门派（轻纱）·偏色1
6600	3888			T9时装全门派（轻纱）·偏色2
6601	3889			T9时装全门派（轻纱）·偏色3
6602	3886			T9时装全门派（轻纱）
6603	3887			T9时装全门派（轻纱）·偏色1
6604	3888			T9时装全门派（轻纱）·偏色2
6605	3889			T9时装全门派（轻纱）·偏色3
6606	3886			T9时装全门派（轻纱）
6607	3887			T9时装全门派（轻纱）·偏色1
6608	3888			T9时装全门派（轻纱）·偏色2
6609	3889			T9时装全门派（轻纱）·偏色3
6610	3886			T9时装全门派（轻纱）
6611	3887			T9时装全门派（轻纱）·偏色1
6612	3888			T9时装全门派（轻纱）·偏色2
6613	3889			T9时装全门派（轻纱）·偏色3
6879	4772		5184000	【落花青竹】系列外装·60天
6880	3879			【浮光若梦】系列外装配色1
6881	3880			【浮光若梦】系列外装配色2
6882	3881			【浮光若梦】系列外装配色3
6884	6452			T1校服·颜色1过度道具
6885	6456			T2校服·颜色1过度道具
6886	6460			T3校服·颜色1过度道具
7507	7502			T4校服·颜色1过度道具
6995	6783			T1校服头·颜色1过度道具
6996	6787			T2校服头·颜色1过度道具
6997	6791			T3校服头·颜色1过度道具
7508	7509			T4校服头·颜色1过度道具
6998	6615			T1时装（斗笠）过度道具
6999	6616			T1时装（斗笠）·颜色2过度道具
7000	6617			T1时装（斗笠）·颜色3过度道具
7001	6618			T1时装（斗笠）·颜色4过度道具
7002	6858			T1时装（斗笠）·颜色5过度道具
7003	6619			T2时装（花）过度道具
7004	6620			T2时装（花）·颜色2过度道具
7005	6621			T2时装（花）·颜色3过度道具
7006	6622			T2时装（花）·颜色4过度道具
7007	6667			T2时装（花）·颜色5过度道具
7008	6668			T2时装（花）·颜色6过度道具
7009	6669			T2时装（花）·颜色7过度道具
7010	6670			T2时装（花）·颜色8过度道具
7011	6623			T3时装（新年大衣）过度道具
7012	6624			T3时装（新年大衣）·颜色2过度道具
7013	6625			T3时装（新年大衣）·颜色3过度道具
7014	6626			T3时装（新年大衣）·颜色4过度道具
7015	6859			T3时装（新年大衣）·颜色5过度道具
7016	6627			T4时装（八家将）过度道具
7017	6628			T4时装（八家将）·颜色2过度道具
7018	6629			T4时装（八家将）·颜色3过度道具
7019	6630			T4时装（八家将）·颜色4过度道具
7020	6671			T4时装（八家将）·颜色5过度道具
7021	6631			T5时装（黑帮）过度道具
7022	6632			T5时装（黑帮）·颜色2过度道具
7023	6633			T5时装（黑帮）·颜色3过度道具
7024	6634			T5时装（黑帮）·颜色4过度道具
7025	6672			T5时装（黑帮）·颜色5过度道具
7026	6635			T6时装（自然）过度道具
7027	6636			T6时装（自然）·颜色2过度道具
7028	6637			T6时装（自然）·颜色3过度道具
7029	6638			T6时装（自然）·颜色4过度道具
7030	6673			T6时装（自然）·颜色5过度道具
7031	6639			T7时装（浮光）过度道具
7032	6640			T7时装（浮光）·颜色2过度道具
7033	6641			T7时装（浮光）·颜色3过度道具
7034	6642			T7时装（浮光）·颜色4过度道具
7035	6861			T7时装（浮光）·颜色5过度道具
7036	6643			T8时装（轻纱）过度道具
7037	6644			T8时装（轻纱）·颜色2过度道具
7038	6645			T8时装（轻纱）·颜色3过度道具
7039	6646			T8时装（轻纱）·颜色4过度道具
7044	6862			T9时装（轻纱）·颜色5过度道具
7040	6647			T9时装过度道具
7041	6648			T9时装·颜色2过度道具
7042	6649			T9时装·颜色3过度道具
7043	6650			T9时装·颜色4过度道具
51	6887	50000		T1头盔
52	6892	50000		T2头盔
53	6897	50000		T3头盔
54	6902	50000		T4头盔
55	6907	50000		T5头盔
56	6912	50000		T6头盔
57	6917	50000		T7头盔
58	6922	50000		T8头盔
59	6927	50000		T9头盔
60	6932	50000		T10头盔
4951	6937	50000		T11头盔
4952	6942	50000		T12头盔
4953	6947	50000		T13头盔
4954	6952	50000		T14头盔
4955	6957	50000		T15头盔
4956	6962	50000		T16头盔
4957	6967	50000		T17头盔
4958	6972	50000		T18头盔
151	6887	50000		【稀有】1阶头盔
152	6892	50000		【稀有】2阶头盔
153	6897	50000		【稀有】3阶头盔
154	6902	50000		【稀有】4阶头盔
155	6907	50000		【稀有】5阶头盔
156	6912	50000		【稀有】6阶头盔
157	6917	50000		【稀有】7阶头盔
158	6922	50000		【稀有】8阶头盔
159	6927	50000		【稀有】9阶头盔
160	6932	50000		【稀有】10阶头盔
5051	6937	50000		【稀有】11阶头盔
5052	6942	50000		【稀有】12阶头盔
5053	6947	50000		【稀有】13阶头盔
5054	6952	50000		【稀有】14阶头盔
5055	6957	50000		【稀有】15阶头盔
5056	6962	50000		【稀有】16阶头盔
5057	6967	50000		【稀有】17阶头盔
5058	6972	50000		【稀有】18阶头盔
1562	6887	50000		【传承】1阶头盔
1563	6892	50000		【传承】2阶头盔
1564	6897	50000		【传承】3阶头盔
1565	6902	50000		【传承】4阶头盔
1566	6907	50000		【传承】5阶头盔
1567	6912	50000		【传承】6阶头盔
1568	6917	50000		【传承】7阶头盔
1569	6922	50000		【传承】8阶头盔
3609	6927	50000		【传承】9阶头盔
3610	6932	50000		【传承】10阶头盔
5151	6937	50000		【传承】11阶头盔
5152	6942	50000		【传承】12阶头盔
5153	6947	50000		【传承】13阶头盔
5154	6952	50000		【传承】14阶头盔
5155	6957	50000		【传承】15阶头盔
5156	6962	50000		【传承】16阶头盔
5157	6967	50000		【传承】17阶头盔
5158	6972	50000		【传承】18阶头盔
1251	6887	50000		T1头盔（定制）
7124	7123		2592000	T9时装全门派（轻纱）
7125	7123		604800	T9时装全门派（轻纱）
7278	6706			T2武器外装
11929	11931		259200	T2武器外装·3天
7294	7131			绒雪华冠
7295	7135			云梦之犄
7310	7298			新年头
7311	7304			狗头（福运兴旺）
7954	7955			兔子头（玉丝千缕）
7318	7312			新年装
9779	9774			万圣节头饰（敛邪断魂）
11005	10521			云霞芳冠
7675	7542			T12外装高级套衣服
7676	7554			T12外装高级套头饰
7677	7548			T12外装普通套衣服
7678	7560			T12外装普通套头饰
8523	8384			T13夏威夷衣服
8524	8388			T13夏威夷帽子
7730	7712		31536000	魑魅雪狐
7740	7713		31536000	幽炎·魑魅雪狐
9983	7712		2592000	魑魅雪狐·30天
8161	8203		259200	T1时装（斗笠）头部·3天
8162	8203		604800	T1时装（斗笠）头部·7天
8163	8203		2592000	T1时装（斗笠）头部·30天
8164	8204		259200	T2时装（花）头部·3天
8165	8204		604800	T2时装（花）头部·7天
8166	8204		2592000	T2时装（花）头部·30天
8167	8205		259200	T3时装（新年）头部·3天
8168	8205		604800	T3时装（新年）头部·7天
8169	8205		2592000	T3时装（新年）头部·30天
8170	8206		259200	T4时装（八家将）头部·3天
8171	8206		604800	T4时装（八家将）头部·7天
8172	8206		2592000	T4时装（八家将）头部·30天
8173	8215		259200	T5时装（黑帮）头部·3天
8174	8215		604800	T5时装（黑帮）头部·7天
8175	8215		2592000	T5时装（黑帮）头部·30天
8176	8207		259200	T6时装（自然）头部·3天
8177	8207		604800	T6时装（自然）头部·7天
8178	8207		2592000	T6时装（自然）头部·30天
8179	8208		259200	T7时装（浮光）头部·3天
8180	8208		604800	T7时装（浮光）头部·7天
8181	8208		2592000	T7时装（浮光）头部·30天
8182	7128		259200	<丝路流纱>头部·3天
7127	7128		604800	<丝路流纱>头部·7天
7126	7128		2592000	<丝路流纱>头部·30天
8183	8209		259200	T10时装（绒雪华冠）头部·3天
8184	8209		604800	T10时装（绒雪华冠）头部·7天
8185	8209		2592000	T10时装（绒雪华冠）头部·30天
8186	7437		259200	<云梦之犄>头部·3天
8187	7437		604800	<云梦之犄>头部·7天
7436	7437		2592000	<云梦之犄>头部·30天
8188	8210		259200	T11时装（2018新年）头部·3天
8189	8210		604800	T11时装（2018新年）头部·7天
8190	8210		2592000	T11时装（2018新年）头部·30天
8191	8211		259200	T11s时装（狗头）头部·3天
8192	8211		604800	T11s时装（狗头）头部·7天
8193	8211		2592000	T11s时装（狗头）头部·30天
8194	8212		259200	T12时装（夏莲）头部·3天
8195	8212		604800	T12时装（夏莲）头部·7天
8196	8212		2592000	T12时装（夏莲）头部·30天
8197	8213		259200	T12A时装（夏莲普通）头部·3天
8198	8213		604800	T12A时装（夏莲普通）头部·7天
8199	8213		2592000	T12A时装（夏莲普通）头部·30天
8200	8214		259200	T13时装（兔子）头部·3天
8201	8214		604800	T13时装（兔子）头部·7天
8202	8214		2592000	T13时装（兔子）头部·30天
9714	8214		31536000	T13时装（兔子）头部·1年
8283	8282			血瞳·月绝
8254	8252		31536000	血瞳·啸霜
8255	8253		31536000	血瞳·荒尘
8272	8273		31536000	血瞳·清穹·1年
10780	8273			血瞳·清穹
9492	7933			灵犬行箧
9717	9718		31536000	灵犬行箧·1年
9493	9488			玉兔行箧
9715	9716		31536000	玉兔行箧·1年
10185	9825			绒雪礼袜
10239	10241			新年金猪
10240	10245		31536000	新年金猪·1年
9512	9539		86400	T1校服·1天
9513	9540		86400	T2校服·1天
9514	9541		86400	T3校服·1天
9515	2516		86400	T1时装·1天
9516	4481		86400	T2时装·1天
9517	4484		86400	T3时装·1天
9518	4772		86400	T6时装（自然）·1天
9519	4490		86400	T5时装（黑帮）·1天
9520	6741		86400	T7浮光若梦·1天
9521	7123		86400	T9丝路流纱·1天
9522	8284		86400	T11·2018新年·1天
9523	8285		86400	T12<夏莲高级>时装·1天
9527	9524		86400	T6衣服·1天
9528	9525		86400	T7衣服·1天
9529	9526		86400	T8衣服·1天
9564	9569			青风·可穿戴
9701	9699			越南外装
9702	9700			越南头饰
9920	9798			秋叶流歌衣服
9921	9984		259200	秋叶流歌衣服·3天
11095	9984		604800	秋叶流歌衣服·7天
11096	9984		2592000	秋叶流歌衣服·30天
9922	9810			秋叶流歌头饰
9923	9986		259200	秋叶流歌头饰·3天
11097	9986		604800	秋叶流歌头饰·7天
11098	9986		2592000	秋叶流歌头饰·30天
10199	10197			汉月碎银
10200	10198		31536000	汉月碎银·1年
11342	11344		2592000	汉月碎银·30天
11751	10250			T3武器外装
10252	10250		1728000	T3武器外装·20天
11930	10250		259200	T3武器外装·3天
10448	10441			T3B仙羽特效武器外装
11729	11056			T4芳华武器外装
11730	11056		1728000	T4芳华武器外装·20天
11731	11295			T4B芳华特效武器外装
11732	11295		1728000	T4B芳华特效武器外装·20天
10260	10258			炽羽灼心
10261	10259		31536000	炽羽灼心·1年
11341	11343		2592000	炽羽灼心·30天
10274	9804			缀芳沐雪衣服
10275	9816			缀芳沐雪头饰
10533	10529			凛冬咆哮
10534	10530		31536000	凛冬咆哮
11928	10530		259200	凛冬咆哮（3天）
10535	10531			踢金毛犀
10536	10532		31536000	踢金毛犀
11233	11234		7776000	踢金毛犀
10583	10516			愚人节头饰（玉面灵狐）
10603	10502			翩燕流云衣服
10604	10509			翩燕流云头饰
10609	10610			凛冬咆哮
10639	10645			粉黛掠影
10640	10646		15768000	粉黛掠影
10641	10647			粉黛掠影
10642	10648		15768000	粉黛掠影
10643	10649			粉黛掠影
10644	10650		15768000	粉黛掠影
10840	10455			赤麟纸鸢
10950	10954			雷霆怒吼
10951	10955		31536000	雷霆怒吼
10952	10956			冰魂雪魄
10953	10957		31536000	冰魂雪魄
11797	11801			追风
11798	11802			追风
11799	11803			昆仑玄影
11800	11804			昆仑玄影
11909	11910			幽魂·踏霜
10964	10967		604800	寒霜（外装7天）
10965	10968		604800	福瑞灵鹿（外装7天）
10966	10969		604800	汉月碎银（外装7天）
11043	11021		31536000	家族评选-浮光衣服偏色
11044	11025		31536000	家族评选-浮光头饰偏色
11045	11022		31536000	家族评选-苍澜衣服偏色
11046	11026		31536000	家族评选-苍澜头饰偏色
11047	11023		31536000	家族评选-秋叶流歌衣服偏色
11048	11027		31536000	家族评选-秋叶流歌头饰偏色
11049	11024		31536000	家族评选-翩燕流云衣服偏色
11050	11028		31536000	家族评选-翩燕流云头饰偏色
11080	8384		259200	T13夏威夷衣服·3天
11081	8384		604800	T13夏威夷衣服·7天
11082	8384		2592000	T13夏威夷衣服·30天
11111	10502		259200	翩燕流云衣服·3天
11112	10502		604800	翩燕流云衣服·7天
11113	10502		2592000	翩燕流云衣服·30天
11102	9804		259200	缀芳沐雪衣服外观·3天
11103	9804		604800	缀芳沐雪衣服外观·7天
11104	9804		2592000	缀芳沐雪衣服外观·30天
11114	10509		259200	翩燕流云头饰外观·3天
11115	10509		604800	翩燕流云头饰外观·7天
11116	10509		2592000	翩燕流云头饰外观·30天
11105	9816		259200	缀芳沐雪头饰外观·3天
11106	9816		604800	缀芳沐雪头饰外观·7天
11107	9816		2592000	缀芳沐雪头饰外观·30天
11083	8388		259200	T13夏威夷帽子·3天
11084	8388		604800	T13夏威夷帽子·7天
11085	8388		2592000	T13夏威夷帽子·30天
11077	9774		259200	万圣节头饰·3天
11946	9774		432000	万圣节头饰·5天
11078	9774		604800	万圣节头饰·7天
11079	9774		2592000	万圣节头饰·30天
11108	10516		259200	愚人节头饰·3天
11109	10516		604800	愚人节头饰·7天
11110	10516		2592000	愚人节头饰·30天
11092	9569		259200	青风·3天
11093	9569		604800	青风·7天
11094	9569		2592000	青风·30天
11086	9488		259200	玉兔行箧·3天
11949	9488		432000	玉兔行箧·5天
11087	9488		604800	玉兔行箧·7天
11088	9488		2592000	玉兔行箧·30天
11099	9825		259200	绒雪礼袜·3天
11947	9825		432000	绒雪礼袜·5天
11100	9825		604800	绒雪礼袜·7天
11101	9825		2592000	绒雪礼袜·30天
11089	10241		259200	新年金猪·3天
11948	10241		432000	新年金猪·5天
11090	10241		604800	新年金猪·7天
11091	10241		2592000	新年金猪·30天
11117	11764		259200	赤麟纸鸢·3天
11118	11764		604800	赤麟纸鸢·7天
11119	11764		2592000	赤麟纸鸢·30天
11353	11178			风华绝代衣服外观
11354	11363		259200	风华绝代衣服外观·3天
11355	11363		604800	风华绝代衣服外观·7天
11356	11363		2592000	风华绝代衣服外观·30天
11357	11184			风华绝代头饰外观
11358	11364		259200	风华绝代头饰外观·3天
11359	11364		604800	风华绝代头饰外观·7天
11360	11364		2592000	风华绝代头饰外观·30天
11724	11247			燕鸣枝头
11725	11765		259200	燕鸣枝头·3天
11726	11765		604800	燕鸣枝头·7天
11727	11765		2592000	燕鸣枝头·30天
11728	11765		31536000	燕鸣枝头·1年
11759	11648			翩跹汝梦
11760	11766		259200	翩跹汝梦·3天
11761	11766		604800	翩跹汝梦·7天
11762	11766		2592000	翩跹汝梦·30天
11763	11766		31536000	翩跹汝梦·1年
11994	11851			故梦星辰衣服外观
11995	11851		259200	故梦星辰衣服外观·3天
11996	11851		604800	故梦星辰衣服外观·7天
11997	11851		2592000	故梦星辰衣服外观·30天
11998	11867			故梦星辰头饰外观
11999	11867		259200	故梦星辰头饰外观·3天
12000	11867		604800	故梦星辰头饰外观·7天
12001	11867		2592000	故梦星辰头饰外观·30天
