Index	NpcName	TitleID	NpcTemplateId	HideTaskId	WalkNearLength	CanAutoPath	NpcLevel	XPos	YPos	StandDir	Quantity	NpcType	NpcCamp	NpcDroprate	NpcSeriesAuto	NpcSeriesMetal	NpcSeriesWood	NpcSeriesWater	NpcSeriesFire	NpcSeriesEarth	Removewhendeath	ChangeColorScheme
yumeiren	虞美人		155		50	1	99	3541	12205	0	-1	0	0		0	0	0	0	0	0	0	0
yumeiren	虞美人		155		50	1	99	3840	12061	0	-1	0	0		0	0	0	0	0	0	0	0
yumeiren	虞美人		155		50	1	99	4074	11881	0	-1	0	0		0	0	0	0	0	0	0	0
yumeiren	虞美人		155		50	1	99	4321	11647	0	-1	0	0		0	0	0	0	0	0	0	0
yumeiren	虞美人		155		50	1	99	3809	11489	0	-1	0	0		0	0	0	0	0	0	0	0
yumeiren	虞美人		155		50	1	99	3527	11717	0	-1	0	0		0	0	0	0	0	0	0	0
yumeiren	虞美人		155		50	1	99	3966	11293	0	-1	0	0		0	0	0	0	0	0	0	0
yumeiren	虞美人		155		50	1	99	4291	11254	0	-1	0	0		0	0	0	0	0	0	0	0
yumeiren	虞美人		155		50	1	99	3319	11940	0	-1	0	0		0	0	0	0	0	0	0	0
huahui	青叶草		2213		50		99	10736	3303	0	-1	0	0		0	0	0	0	0	0	0	0
huahui	青叶草		2213		50		99	10693	3482	0	-1	0	0		0	0	0	0	0	0	0	0
huahui	青叶草		2213		50		99	10420	3623	0	-1	0	0		0	0	0	0	0	0	0	0
huahui	青叶草		2213		50		99	10620	3636	0	-1	0	0		0	0	0	0	0	0	0	0
huahui	青叶草		2213		50		99	8793	3713	0	-1	0	0		0	0	0	0	0	0	0	0
huahui	青叶草		2213		50		99	8959	3602	0	-1	0	0		0	0	0	0	0	0	0	0
huahui	青叶草		2213		50		99	9130	3516	0	-1	0	0		0	0	0	0	0	0	0	0
huahui	青叶草		2213		50		99	10565	3115	0	-1	0	0		0	0	0	0	0	0	0	0
huahui	青叶草		2213		50		99	10433	3162	0	-1	0	0		0	0	0	0	0	0	0	0
huahui	青叶草		2213		50		99	10544	3273	0	-1	0	0		0	0	0	0	0	0	0	0
huahui	青叶草		2213		50		99	10330	3328	0	-1	0	0		0	0	0	0	0	0	0	0
huahui	青叶草		2213		50		99	10279	3495	0	-1	0	0		0	0	0	0	0	0	0	0
huahui	青叶草		2213		50		99	10501	3444	0	-1	0	0		0	0	0	0	0	0	0	0
waizhuangtask_hua	七彩小花		2732		50		30	3200	8700	0	-1	0	0		-1	0	0	0	0	0	0	0
yewai_20_1	飞龙堡弟子		1010		50		30	4714	14095	0	-1	0	0		-1	0	0	0	0	0	0	0
yewai_20_1	飞龙堡弟子		1010		50		30	5075	14012	0	-1	0	0		-1	0	0	0	0	0	0	0
yewai_20_1	飞龙堡弟子		1010		50		30	12334	13945	0	-1	0	0		-1	0	0	0	0	0	0	0
yewai_20_1	飞龙堡弟子		1010		50		30	12521	13216	0	-1	0	0		-1	0	0	0	0	0	0	0
yewai_20_1	飞龙堡弟子		1010		50		30	7534	14630	0	-1	0	0		-1	0	0	0	0	0	0	0
yewai_20_1	飞龙堡弟子		1010		50		30	9439	13328	0	-1	0	0		-1	0	0	0	0	0	0	0
yewai_20_1	飞龙堡弟子		1010		50		30	9638	14143	0	-1	0	0		-1	0	0	0	0	0	0	0
yewai_20_1	飞龙堡弟子		1010		50		30	10255	13913	0	-1	0	0		-1	0	0	0	0	0	0	0
yewai_20_1	飞龙堡弟子		1010		50		30	10026	14081	0	-1	0	0		-1	0	0	0	0	0	0	0
yewai_20_1	飞龙堡弟子		1010		50		30	9748	13867	0	-1	0	0		-1	0	0	0	0	0	0	0
yewai_20_1	飞龙堡弟子		1010		50		30	9673	13570	0	-1	0	0		-1	0	0	0	0	0	0	0
yewai_20_1	飞龙堡弟子		1010		50		30	14189	11700	0	-1	0	0		-1	0	0	0	0	0	0	0
yewai_20_1	飞龙堡弟子		1010		50		30	7305	14624	0	-1	0	0		-1	0	0	0	0	0	0	0
yewai_20_1	飞龙堡弟子		1010		50		30	7014	14204	0	-1	0	0		-1	0	0	0	0	0	0	0
yewai_20_1	飞龙堡弟子		1010		50		30	7812	14540	0	-1	0	0		-1	0	0	0	0	0	0	0
yewai_20_1	飞龙堡弟子		1010		50		30	9997	13726	0	-1	0	0		-1	0	0	0	0	0	0	0
yewai_20_1	飞龙堡弟子		1010		50		30	9428	13935	0	-1	0	0		-1	0	0	0	0	0	0	0
yewai_20_1	飞龙堡弟子		1010		50		30	9365	13628	0	-1	0	0		-1	0	0	0	0	0	0	0
yewai_20_1	飞龙堡弟子		1010		50		30	12560	13546	0	-1	0	0		-1	0	0	0	0	0	0	0
yewai_20_1	飞龙堡弟子		1010		50		30	14199	11105	0	-1	0	0		-1	0	0	0	0	0	0	0
yewai_20_1	飞龙堡弟子		1010		50		30	8492	10031	0	-1	0	0		-1	0	0	0	0	0	0	0
yewai_20_1	飞龙堡弟子		1010		50		30	13528	11427	0	-1	0	0		-1	0	0	0	0	0	0	0
yewai_20_1	飞龙堡弟子		1010		50		30	13585	11164	0	-1	0	0		-1	0	0	0	0	0	0	0
yewai_20_1	飞龙堡弟子		1010		50		30	12276	13669	0	-1	0	0		-1	0	0	0	0	0	0	0
yewai_20_1	飞龙堡弟子		1010		50		30	12236	13255	0	-1	0	0		-1	0	0	0	0	0	0	0
yewai_20_1	飞龙堡弟子		1010		50		30	12063	13776	0	-1	0	0		-1	0	0	0	0	0	0	0
yewai_20_1	飞龙堡弟子		1010		50		30	11898	13491	0	-1	0	0		-1	0	0	0	0	0	0	0
yewai_20_1	飞龙堡弟子		1010		50		30	11862	13193	0	-1	0	0		-1	0	0	0	0	0	0	0
yewai_20_1	飞龙堡弟子		1010		50		30	12833	13349	0	-1	0	0		-1	0	0	0	0	0	0	0
yewai_20_1	飞龙堡弟子		1010		50		30	12882	13081	0	-1	0	0		-1	0	0	0	0	0	0	0
yewai_20_1	飞龙堡弟子		1010		50		30	12668	12952	0	-1	0	0		-1	0	0	0	0	0	0	0
yewai_20_1	飞龙堡弟子		1010		50		30	12325	12903	0	-1	0	0		-1	0	0	0	0	0	0	0
yewai_20_1	飞龙堡弟子		1010		50		30	12071	13001	0	-1	0	0		-1	0	0	0	0	0	0	0
yewai_20_1	飞龙堡弟子		1010		50		30	5069	13651	0	-1	0	0		-1	0	0	0	0	0	0	0
yewai_20_1	飞龙堡弟子		1010		50		30	5026	11157	0	-1	0	0		-1	0	0	0	0	0	0	0
yewai_20_1	飞龙堡弟子		1010		50		30	5425	10713	0	-1	0	0		-1	0	0	0	0	0	0	0
yewai_20_1	飞龙堡弟子		1010		50		30	4904	10559	0	-1	0	0		-1	0	0	0	0	0	0	0
yewai_20_1	飞龙堡弟子		1010		50		30	4847	10282	0	-1	0	0		-1	0	0	0	0	0	0	0
yewai_20_1	飞龙堡弟子		1010		50		30	4634	10447	0	-1	0	0		-1	0	0	0	0	0	0	0
yewai_20_1	飞龙堡弟子		1010		50		30	4539	10751	0	-1	0	0		-1	0	0	0	0	0	0	0
yewai_20_1	飞龙堡弟子		1010		50		30	4746	10982	0	-1	0	0		-1	0	0	0	0	0	0	0
yewai_20_1	飞龙堡弟子		1010		50		30	7064	14500	0	-1	0	0		-1	0	0	0	0	0	0	0
yewai_20_1	飞龙堡弟子		1010		50		30	7280	14447	0	-1	0	0		-1	0	0	0	0	0	0	0
yewai_20_1	飞龙堡弟子		1010		50		30	7334	14160	0	-1	0	0		-1	0	0	0	0	0	0	0
yewai_20_1	飞龙堡弟子		1010		50		30	7940	14255	0	-1	0	0		-1	0	0	0	0	0	0	0
yewai_20_1	飞龙堡弟子		1010		50		30	13576	11637	0	-1	0	0		-1	0	0	0	0	0	0	0
yewai_20_1	飞龙堡弟子		1010		50		30	13911	11853	0	-1	0	0		-1	0	0	0	0	0	0	0
yewai_20_1	飞龙堡弟子		1010		50		30	14231	11459	0	-1	0	0		-1	0	0	0	0	0	0	0
yewai_20_1	飞龙堡弟子		1010		50		30	14011	11510	0	-1	0	0		-1	0	0	0	0	0	0	0
yewai_20_1	飞龙堡弟子		1010		50		30	13819	11535	0	-1	0	0		-1	0	0	0	0	0	0	0
yewai_20_1	飞龙堡弟子		1010		50		30	13946	11203	0	-1	0	0		-1	0	0	0	0	0	0	0
yewai_20_1	飞龙堡弟子		1010		50		30	13592	10903	0	-1	0	0		-1	0	0	0	0	0	0	0
yewai_20_1	飞龙堡弟子		1010		50		30	13252	11080	0	-1	0	0		-1	0	0	0	0	0	0	0
yewai_20_1	飞龙堡弟子		1010		50		30	13205	11391	0	-1	0	0		-1	0	0	0	0	0	0	0
yewai_20_1	飞龙堡弟子		1010		50		30	13267	11694	0	-1	0	0		-1	0	0	0	0	0	0	0
yewai_20_1	飞龙堡弟子		1010		50		30	13541	11885	0	-1	0	0		-1	0	0	0	0	0	0	0
yewai_20_1	飞龙堡弟子		1010		50		30	13997	10892	0	-1	0	0		-1	0	0	0	0	0	0	0
yewai_20_1	飞龙堡弟子		1010		50		30	8145	9951	0	-1	0	0		-1	0	0	0	0	0	0	0
yewai_20_1	飞龙堡弟子		1010		50		30	8625	10248	0	-1	0	0		-1	0	0	0	0	0	0	0
yewai_20_1	飞龙堡弟子		1010		50		30	8552	10537	0	-1	0	0		-1	0	0	0	0	0	0	0
yewai_20_1	飞龙堡弟子		1010		50		30	7780	9993	0	-1	0	0		-1	0	0	0	0	0	0	0
yewai_20_1	飞龙堡弟子		1010		50		30	8073	10522	0	-1	0	0		-1	0	0	0	0	0	0	0
yewai_20_1	飞龙堡弟子		1010		50		30	8203	10202	0	-1	0	0		-1	0	0	0	0	0	0	0
yewai_20_1	飞龙堡弟子		1010		50		30	7731	10472	0	-1	0	0		-1	0	0	0	0	0	0	0
yewai_20_1	飞龙堡弟子		1010		50		30	7560	10126	0	-1	0	0		-1	0	0	0	0	0	0	0
yewai_20_1	飞龙堡弟子		1010		50		30	7510	10423	0	-1	0	0		-1	0	0	0	0	0	0	0
yewai_20_1	飞龙堡弟子		1010		50		30	8339	10708	0	-1	0	0		-1	0	0	0	0	0	0	0
yewai_20_1	飞龙堡弟子		1010		50		30	8028	10723	0	-1	0	0		-1	0	0	0	0	0	0	0
yewai_20_1	飞龙堡弟子		1010		50		30	7708	10685	0	-1	0	0		-1	0	0	0	0	0	0	0
yewai_20_1	飞龙堡弟子		1010		50		30	7882	10236	0	-1	0	0		-1	0	0	0	0	0	0	0
yewai_20_1	飞龙堡弟子		1010		50		30	8345	10424	0	-1	0	0		-1	0	0	0	0	0	0	0
yewai_20_1	飞龙堡弟子		1010		50		30	11630	10526	0	-1	0	0		-1	0	0	0	0	0	0	0
yewai_20_1	飞龙堡弟子		1010		50		30	11367	10453	0	-1	0	0		-1	0	0	0	0	0	0	0
yewai_20_1	飞龙堡弟子		1010		50		30	10810	9894	0	-1	0	0		-1	0	0	0	0	0	0	0
yewai_20_1	飞龙堡弟子		1010		50		30	5308	13599	0	-1	0	0		-1	0	0	0	0	0	0	0
yewai_20_1	飞龙堡弟子		1010		50		30	5293	13949	0	-1	0	0		-1	0	0	0	0	0	0	0
yewai_20_1	飞龙堡弟子		1010		50		30	5097	14240	0	-1	0	0		-1	0	0	0	0	0	0	0
yewai_20_1	飞龙堡弟子		1010		50		30	4842	14335	0	-1	0	0		-1	0	0	0	0	0	0	0
yewai_20_1	飞龙堡弟子		1010		50		30	4561	14328	0	-1	0	0		-1	0	0	0	0	0	0	0
yewai_20_1	飞龙堡弟子		1010		50		30	4354	14178	0	-1	0	0		-1	0	0	0	0	0	0	0
yewai_20_1	飞龙堡弟子		1010		50		30	4215	13971	0	-1	0	0		-1	0	0	0	0	0	0	0
yewai_20_1	飞龙堡弟子		1010		50		30	4536	13457	0	-1	0	0		-1	0	0	0	0	0	0	0
yewai_20_1	飞龙堡弟子		1010		50		30	5111	13359	0	-1	0	0		-1	0	0	0	0	0	0	0
yewai_20_1	飞龙堡弟子		1010		50		30	4838	13238	0	-1	0	0		-1	0	0	0	0	0	0	0
yewai_20_1	飞龙堡弟子		1010		50		30	4532	13202	0	-1	0	0		-1	0	0	0	0	0	0	0
yewai_20_1	飞龙堡弟子		1010		50		30	4317	13380	0	-1	0	0		-1	0	0	0	0	0	0	0
yewai_20_1	飞龙堡弟子		1010		50		30	4204	13661	0	-1	0	0		-1	0	0	0	0	0	0	0
yewai_20_1	飞龙堡弟子		1010		50		30	4823	13614	0	-1	0	0		-1	0	0	0	0	0	0	0
yewai_20_1	飞龙堡弟子		1010		50		30	4885	13920	0	-1	0	0		-1	0	0	0	0	0	0	0
yewai_20_1	飞龙堡弟子		1010		50		30	4572	13686	0	-1	0	0		-1	0	0	0	0	0	0	0
yewai_20_1	飞龙堡弟子		1010		50		30	4463	13938	0	-1	0	0		-1	0	0	0	0	0	0	0
yewai_20_1	飞龙堡弟子		1010		50		30	7114	13949	0	-1	0	0		-1	0	0	0	0	0	0	0
yewai_20_1	飞龙堡弟子		1010		50		30	7368	13809	0	-1	0	0		-1	0	0	0	0	0	0	0
yewai_20_1	飞龙堡弟子		1010		50		30	7513	14092	0	-1	0	0		-1	0	0	0	0	0	0	0
yewai_20_1	飞龙堡弟子		1010		50		30	7719	14206	0	-1	0	0		-1	0	0	0	0	0	0	0
yewai_20_1	飞龙堡弟子		1010		50		30	7585	14417	0	-1	0	0		-1	0	0	0	0	0	0	0
yewai_20_1	飞龙堡弟子		1010		50		30	7664	13872	0	-1	0	0		-1	0	0	0	0	0	0	0
yewai_20_1	飞龙堡弟子		1010		50		30	7895	13966	0	-1	0	0		-1	0	0	0	0	0	0	0
yewai_20_1	飞龙堡弟子		1010		50		30	9998	13461	0	-1	0	0		-1	0	0	0	0	0	0	0
yewai_20_1	飞龙堡弟子		1010		50		30	9736	13174	0	-1	0	0		-1	0	0	0	0	0	0	0
yewai_20_1	飞龙堡弟子		1010		50		30	10027	13221	0	-1	0	0		-1	0	0	0	0	0	0	0
yewai_20_1	飞龙堡弟子		1010		50		30	10371	13336	0	-1	0	0		-1	0	0	0	0	0	0	0
yewai_20_1	飞龙堡弟子		1010		50		30	10231	13623	0	-1	0	0		-1	0	0	0	0	0	0	0
yewai_20_1	飞龙堡弟子		1010		50		30	10468	13702	0	-1	0	0		-1	0	0	0	0	0	0	0
yewai_20_1	飞龙堡弟子		1010		50		30	12881	13605	0	-1	0	0		-1	0	0	0	0	0	0	0
yewai_20_1	飞龙堡弟子		1010		50		30	12634	13805	0	-1	0	0		-1	0	0	0	0	0	0	0
yewai_20_1	飞龙堡弟子		1010		50		30	10942	10412	0	-1	0	0		-1	0	0	0	0	0	0	0
yewai_20_1	飞龙堡弟子		1010		50		30	11114	10697	0	-1	0	0		-1	0	0	0	0	0	0	0
yewai_20_1	飞龙堡弟子		1010		50		30	11169	10262	0	-1	0	0		-1	0	0	0	0	0	0	0
yewai_20_1	飞龙堡弟子		1010		50		30	11158	9853	0	-1	0	0		-1	0	0	0	0	0	0	0
yewai_20_1	飞龙堡弟子		1010		50		30	11470	9891	0	-1	0	0		-1	0	0	0	0	0	0	0
yewai_20_1	飞龙堡弟子		1010		50		30	11598	10168	0	-1	0	0		-1	0	0	0	0	0	0	0
yewai_20_1	飞龙堡弟子		1010		50		30	10732	10262	0	-1	0	0		-1	0	0	0	0	0	0	0
yewai_20_1	飞龙堡弟子		1010		50		30	10725	10626	0	-1	0	0		-1	0	0	0	0	0	0	0
yewai_20_1	飞龙堡弟子		1010		50		30	10857	10917	0	-1	0	0		-1	0	0	0	0	0	0	0
yewai_20_1	飞龙堡弟子		1010		50		30	11574	10816	0	-1	0	0		-1	0	0	0	0	0	0	0
yewai_20_1	飞龙堡弟子		1010		50		30	11221	10990	0	-1	0	0		-1	0	0	0	0	0	0	0
yewai_20_1	飞龙堡弟子		1010		50		30	5606	11003	0	-1	0	0		-1	0	0	0	0	0	0	0
yewai_20_1	飞龙堡弟子		1010		50		30	5245	10997	0	-1	0	0		-1	0	0	0	0	0	0	0
yewai_20_1	飞龙堡弟子		1010		50		30	5372	11213	0	-1	0	0		-1	0	0	0	0	0	0	0
yewai_20_1	飞龙堡弟子		1010		50		30	6388	12179	0	-1	0	0		-1	0	0	0	0	0	0	0
yewai_20_1	飞龙堡弟子		1010		50		30	6454	12439	0	-1	0	0		-1	0	0	0	0	0	0	0
yewai_20_1	飞龙堡弟子		1010		50		30	8552	12442	0	-1	0	0		-1	0	0	0	0	0	0	0
yewai_20_1	飞龙堡弟子		1010		50		30	8870	12450	0	-1	0	0		-1	0	0	0	0	0	0	0
yewai_20_1	飞龙堡弟子		1010		50		30	9179	12426	0	-1	0	0		-1	0	0	0	0	0	0	0
yewai_20_1	飞龙堡弟子		1010		50		30	8419	12179	0	-1	0	0		-1	0	0	0	0	0	0	0
yewai_20_1	飞龙堡弟子		1010		50		30	8733	12265	0	-1	0	0		-1	0	0	0	0	0	0	0
yewai_20_1	飞龙堡弟子		1010		50		30	8690	11970	0	-1	0	0		-1	0	0	0	0	0	0	0
yewai_20_1	飞龙堡弟子		1010		50		30	8386	11807	0	-1	0	0		-1	0	0	0	0	0	0	0
yewai_20_1	飞龙堡弟子		1010		50		30	8677	11669	0	-1	0	0		-1	0	0	0	0	0	0	0
yewai_20_1	飞龙堡弟子		1010		50		30	9057	11669	0	-1	0	0		-1	0	0	0	0	0	0	0
yewai_20_1	飞龙堡弟子		1010		50		30	9151	12238	0	-1	0	0		-1	0	0	0	0	0	0	0
yewai_20_1	飞龙堡弟子		1010		50		30	9384	12328	0	-1	0	0		-1	0	0	0	0	0	0	0
yewai_20_1	飞龙堡弟子		1010		50		30	7171	8095	0	-1	0	0		-1	0	0	0	0	0	0	0
yewai_20_1	飞龙堡弟子		1010		50		30	6810	8536	0	-1	0	0		-1	0	0	0	0	0	0	0
yewai_20_1	飞龙堡弟子		1010		50		30	6869	8174	0	-1	0	0		-1	0	0	0	0	0	0	0
yewai_20_1	飞龙堡弟子		1010		50		30	6626	8258	0	-1	0	0		-1	0	0	0	0	0	0	0
yewai_20_1	飞龙堡弟子		1010		50		30	6565	8583	0	-1	0	0		-1	0	0	0	0	0	0	0
yewai_20_1	飞龙堡弟子		1010		50		30	7314	8862	0	-1	0	0		-1	0	0	0	0	0	0	0
yewai_20_1	飞龙堡弟子		1010		50		30	7430	8645	0	-1	0	0		-1	0	0	0	0	0	0	0
yewai_20_1	飞龙堡弟子		1010		50		30	7024	8909	0	-1	0	0		-1	0	0	0	0	0	0	0
yewai_20_1	飞龙堡弟子		1010		50		30	6691	8844	0	-1	0	0		-1	0	0	0	0	0	0	0
yewai_20_1	飞龙堡弟子		1010		50		30	7017	8381	0	-1	0	0		-1	0	0	0	0	0	0	0
yewai_20_1	飞龙堡弟子		1010		50		30	7328	8373	0	-1	0	0		-1	0	0	0	0	0	0	0
yewai_20_1	飞龙堡弟子		1010		50		30	7111	8641	0	-1	0	0		-1	0	0	0	0	0	0	0
yewai_20_1	飞龙堡弟子		1010		50		30	7547	8832	0	-1	0	0		-1	0	0	0	0	0	0	0
yewai_20_1	飞龙堡弟子		1010		50		30	7580	8480	0	-1	0	0		-1	0	0	0	0	0	0	0
yewai_20_1	飞龙堡弟子		1010		50		30	7477	8165	0	-1	0	0		-1	0	0	0	0	0	0	0
yewai_20_1	飞龙堡弟子		1010		50		30	6207	12058	0	-1	0	0		-1	0	0	0	0	0	0	0
yewai_20_1	飞龙堡弟子		1010		50		30	6114	12413	0	-1	0	0		-1	0	0	0	0	0	0	0
yewai_20_1	飞龙堡弟子		1010		50		30	6600	11935	0	-1	0	0		-1	0	0	0	0	0	0	0
yewai_20_1	飞龙堡弟子		1010		50		30	6700	12262	0	-1	0	0		-1	0	0	0	0	0	0	0
yewai_20_1	飞龙堡弟子		1010		50		30	6190	12744	0	-1	0	0		-1	0	0	0	0	0	0	0
yewai_20_1	飞龙堡弟子		1010		50		30	6498	12777	0	-1	0	0		-1	0	0	0	0	0	0	0
yewai_20_1	飞龙堡弟子		1010		50		30	7058	12369	0	-1	0	0		-1	0	0	0	0	0	0	0
yewai_20_1	飞龙堡弟子		1010		50		30	6680	12643	0	-1	0	0		-1	0	0	0	0	0	0	0
yewai_20_1	飞龙堡弟子		1010		50		30	6872	12532	0	-1	0	0		-1	0	0	0	0	0	0	0
yewai_20_1	飞龙堡弟子		1010		50		30	7030	12844	0	-1	0	0		-1	0	0	0	0	0	0	0
yewai_20_1	飞龙堡弟子		1010		50		30	6857	12015	0	-1	0	0		-1	0	0	0	0	0	0	0
yewai_20_1	飞龙堡弟子		1010		50		30	6771	12998	0	-1	0	0		-1	0	0	0	0	0	0	0
yewai_20_1	飞龙堡弟子		1010		50		30	6389	13026	0	-1	0	0		-1	0	0	0	0	0	0	0
yewai_20_1	飞龙堡弟子		1010		50		30	9353	11750	0	-1	0	0		-1	0	0	0	0	0	0	0
yewai_20_1	飞龙堡弟子		1010		50		30	9441	12022	0	-1	0	0		-1	0	0	0	0	0	0	0
yewai_20_1	飞龙堡弟子		1010		50		30	9190	11965	0	-1	0	0		-1	0	0	0	0	0	0	0
yewai_20_1	飞龙堡弟子		1010		50		30	8947	12071	0	-1	0	0		-1	0	0	0	0	0	0	0
yewai_20_1	飞龙堡弟子		1010		50		30	5138	10304	0	-1	0	0		-1	0	0	0	0	0	0	0
yewai_20_1	飞龙堡弟子		1010		50		30	5419	10446	0	-1	0	0		-1	0	0	0	0	0	0	0
yewai_20_1	飞龙堡弟子		1010		50		30	5673	10673	0	-1	0	0		-1	0	0	0	0	0	0	0
yewai_20_1	飞龙堡弟子		1010		50		30	5152	10722	0	-1	0	0		-1	0	0	0	0	0	0	0
yewai_20_1	飞龙堡弟子		1010		50		30	4915	10847	0	-1	0	0		-1	0	0	0	0	0	0	0
yewai_20_2	药王谷弟子		1011		50		30	13861	8757	0	-1	0	0		-1	0	0	0	0	0	0	0
yewai_20_2	药王谷弟子		1011		50		30	13138	7128	0	-1	0	0		-1	0	0	0	0	0	0	0
yewai_20_2	药王谷弟子		1011		50		30	13804	6808	0	-1	0	0		-1	0	0	0	0	0	0	0
yewai_20_2	药王谷弟子		1011		50		30	6714	4500	0	-1	0	0		-1	0	0	0	0	0	0	0
yewai_20_2	药王谷弟子		1011		50		30	6893	5128	0	-1	0	0		-1	0	0	0	0	0	0	0
yewai_20_2	药王谷弟子		1011		50		30	9391	4402	0	-1	0	0		-1	0	0	0	0	0	0	0
yewai_20_2	药王谷弟子		1011		50		30	10116	4185	0	-1	0	0		-1	0	0	0	0	0	0	0
yewai_20_2	药王谷弟子		1011		50		30	10187	3927	0	-1	0	0		-1	0	0	0	0	0	0	0
yewai_20_2	药王谷弟子		1011		50		30	9996	3696	0	-1	0	0		-1	0	0	0	0	0	0	0
yewai_20_2	药王谷弟子		1011		50		30	9831	3922	0	-1	0	0		-1	0	0	0	0	0	0	0
yewai_20_2	药王谷弟子		1011		50		30	4248	4111	0	-1	0	0		-1	0	0	0	0	0	0	0
yewai_20_2	药王谷弟子		1011		50		30	4175	3848	0	-1	0	0		-1	0	0	0	0	0	0	0
yewai_20_2	药王谷弟子		1011		50		30	12403	4957	0	-1	0	0		-1	0	0	0	0	0	0	0
yewai_20_2	药王谷弟子		1011		50		30	12692	4791	0	-1	0	0		-1	0	0	0	0	0	0	0
yewai_20_2	药王谷弟子		1011		50		30	13058	6650	0	-1	0	0		-1	0	0	0	0	0	0	0
yewai_20_2	药王谷弟子		1011		50		30	13139	6895	0	-1	0	0		-1	0	0	0	0	0	0	0
yewai_20_2	药王谷弟子		1011		50		30	13448	7137	0	-1	0	0		-1	0	0	0	0	0	0	0
yewai_20_2	药王谷弟子		1011		50		30	13522	6943	0	-1	0	0		-1	0	0	0	0	0	0	0
yewai_20_2	药王谷弟子		1011		50		30	13608	6572	0	-1	0	0		-1	0	0	0	0	0	0	0
yewai_20_2	药王谷弟子		1011		50		30	13816	6501	0	-1	0	0		-1	0	0	0	0	0	0	0
yewai_20_2	药王谷弟子		1011		50		30	13348	6635	0	-1	0	0		-1	0	0	0	0	0	0	0
yewai_20_2	药王谷弟子		1011		50		30	13723	7100	0	-1	0	0		-1	0	0	0	0	0	0	0
yewai_20_2	药王谷弟子		1011		50		30	3778	8610	0	-1	0	0		-1	0	0	0	0	0	0	0
yewai_20_2	药王谷弟子		1011		50		30	4150	8718	0	-1	0	0		-1	0	0	0	0	0	0	0
yewai_20_2	药王谷弟子		1011		50		30	9111	5414	0	-1	0	0		-1	0	0	0	0	0	0	0
yewai_20_2	药王谷弟子		1011		50		30	9725	6094	0	-1	0	0		-1	0	0	0	0	0	0	0
yewai_20_2	药王谷弟子		1011		50		30	9115	6035	0	-1	0	0		-1	0	0	0	0	0	0	0
yewai_20_2	药王谷弟子		1011		50		30	9038	5719	0	-1	0	0		-1	0	0	0	0	0	0	0
yewai_20_2	药王谷弟子		1011		50		30	9420	5425	0	-1	0	0		-1	0	0	0	0	0	0	0
yewai_20_2	药王谷弟子		1011		50		30	10096	6028	0	-1	0	0		-1	0	0	0	0	0	0	0
yewai_20_2	药王谷弟子		1011		50		30	9383	6130	0	-1	0	0		-1	0	0	0	0	0	0	0
yewai_20_2	药王谷弟子		1011		50		30	12850	7041	0	-1	0	0		-1	0	0	0	0	0	0	0
yewai_20_2	药王谷弟子		1011		50		30	12855	6786	0	-1	0	0		-1	0	0	0	0	0	0	0
yewai_20_2	药王谷弟子		1011		50		30	12923	6425	0	-1	0	0		-1	0	0	0	0	0	0	0
yewai_20_2	药王谷弟子		1011		50		30	13273	6342	0	-1	0	0		-1	0	0	0	0	0	0	0
yewai_20_2	药王谷弟子		1011		50		30	13543	6357	0	-1	0	0		-1	0	0	0	0	0	0	0
yewai_20_2	药王谷弟子		1011		50		30	12898	3540	0	-1	0	0		-1	0	0	0	0	0	0	0
yewai_20_2	药王谷弟子		1011		50		30	7060	5343	0	-1	0	0		-1	0	0	0	0	0	0	0
yewai_20_2	药王谷弟子		1011		50		30	7010	4489	0	-1	0	0		-1	0	0	0	0	0	0	0
yewai_20_2	药王谷弟子		1011		50		30	7288	4496	0	-1	0	0		-1	0	0	0	0	0	0	0
yewai_20_2	药王谷弟子		1011		50		30	9753	5419	0	-1	0	0		-1	0	0	0	0	0	0	0
yewai_20_2	药王谷弟子		1011		50		30	10072	5458	0	-1	0	0		-1	0	0	0	0	0	0	0
yewai_20_2	药王谷弟子		1011		50		30	10176	5735	0	-1	0	0		-1	0	0	0	0	0	0	0
yewai_20_2	药王谷弟子		1011		50		30	9319	5916	0	-1	0	0		-1	0	0	0	0	0	0	0
yewai_20_2	药王谷弟子		1011		50		30	9382	5662	0	-1	0	0		-1	0	0	0	0	0	0	0
yewai_20_2	药王谷弟子		1011		50		30	9635	5943	0	-1	0	0		-1	0	0	0	0	0	0	0
yewai_20_2	药王谷弟子		1011		50		30	9892	5884	0	-1	0	0		-1	0	0	0	0	0	0	0
yewai_20_2	药王谷弟子		1011		50		30	9687	5666	0	-1	0	0		-1	0	0	0	0	0	0	0
yewai_20_2	药王谷弟子		1011		50		30	3509	8135	0	-1	0	0		-1	0	0	0	0	0	0	0
yewai_20_2	药王谷弟子		1011		50		30	3669	7894	0	-1	0	0		-1	0	0	0	0	0	0	0
yewai_20_2	药王谷弟子		1011		50		30	3773	8128	0	-1	0	0		-1	0	0	0	0	0	0	0
yewai_20_2	药王谷弟子		1011		50		30	3675	8399	0	-1	0	0		-1	0	0	0	0	0	0	0
yewai_20_2	药王谷弟子		1011		50		30	3982	8428	0	-1	0	0		-1	0	0	0	0	0	0	0
yewai_20_2	药王谷弟子		1011		50		30	4112	8226	0	-1	0	0		-1	0	0	0	0	0	0	0
yewai_20_2	药王谷弟子		1011		50		30	4259	8493	0	-1	0	0		-1	0	0	0	0	0	0	0
yewai_20_2	药王谷弟子		1011		50		30	4493	8441	0	-1	0	0		-1	0	0	0	0	0	0	0
yewai_20_2	药王谷弟子		1011		50		30	3988	7923	0	-1	0	0		-1	0	0	0	0	0	0	0
yewai_20_2	药王谷弟子		1011		50		30	4220	8008	0	-1	0	0		-1	0	0	0	0	0	0	0
yewai_20_2	药王谷弟子		1011		50		30	4441	8141	0	-1	0	0		-1	0	0	0	0	0	0	0
yewai_20_2	药王谷弟子		1011		50		30	4405	8682	0	-1	0	0		-1	0	0	0	0	0	0	0
yewai_20_2	药王谷弟子		1011		50		30	9592	3862	0	-1	0	0		-1	0	0	0	0	0	0	0
yewai_20_2	药王谷弟子		1011		50		30	13129	5010	0	-1	0	0		-1	0	0	0	0	0	0	0
yewai_20_2	药王谷弟子		1011		50		30	12787	4591	0	-1	0	0		-1	0	0	0	0	0	0	0
yewai_20_2	药王谷弟子		1011		50		30	12487	4569	0	-1	0	0		-1	0	0	0	0	0	0	0
yewai_20_2	药王谷弟子		1011		50		30	12561	5151	0	-1	0	0		-1	0	0	0	0	0	0	0
yewai_20_2	药王谷弟子		1011		50		30	12755	5061	0	-1	0	0		-1	0	0	0	0	0	0	0
yewai_20_2	药王谷弟子		1011		50		30	12918	4914	0	-1	0	0		-1	0	0	0	0	0	0	0
yewai_20_2	药王谷弟子		1011		50		30	13053	4745	0	-1	0	0		-1	0	0	0	0	0	0	0
yewai_20_2	药王谷弟子		1011		50		30	12531	3558	0	-1	0	0		-1	0	0	0	0	0	0	0
yewai_20_2	药王谷弟子		1011		50		30	12262	3467	0	-1	0	0		-1	0	0	0	0	0	0	0
yewai_20_2	药王谷弟子		1011		50		30	12168	3195	0	-1	0	0		-1	0	0	0	0	0	0	0
yewai_20_2	药王谷弟子		1011		50		30	12246	3004	0	-1	0	0		-1	0	0	0	0	0	0	0
yewai_20_2	药王谷弟子		1011		50		30	12457	2923	0	-1	0	0		-1	0	0	0	0	0	0	0
yewai_20_2	药王谷弟子		1011		50		30	12410	3296	0	-1	0	0		-1	0	0	0	0	0	0	0
yewai_20_2	药王谷弟子		1011		50		30	12578	3095	0	-1	0	0		-1	0	0	0	0	0	0	0
yewai_20_2	药王谷弟子		1011		50		30	12722	3393	0	-1	0	0		-1	0	0	0	0	0	0	0
yewai_20_2	药王谷弟子		1011		50		30	12806	3185	0	-1	0	0		-1	0	0	0	0	0	0	0
yewai_20_2	药王谷弟子		1011		50		30	12957	3316	0	-1	0	0		-1	0	0	0	0	0	0	0
yewai_20_2	药王谷弟子		1011		50		30	12756	2897	0	-1	0	0		-1	0	0	0	0	0	0	0
yewai_20_2	药王谷弟子		1011		50		30	13004	2923	0	-1	0	0		-1	0	0	0	0	0	0	0
yewai_20_2	药王谷弟子		1011		50		30	13102	3474	0	-1	0	0		-1	0	0	0	0	0	0	0
yewai_20_2	药王谷弟子		1011		50		30	13129	3152	0	-1	0	0		-1	0	0	0	0	0	0	0
yewai_20_2	药王谷弟子		1011		50		30	12753	5308	0	-1	0	0		-1	0	0	0	0	0	0	0
yewai_20_2	药王谷弟子		1011		50		30	12409	5287	0	-1	0	0		-1	0	0	0	0	0	0	0
yewai_20_2	药王谷弟子		1011		50		30	12157	5170	0	-1	0	0		-1	0	0	0	0	0	0	0
yewai_20_2	药王谷弟子		1011		50		30	12154	4915	0	-1	0	0		-1	0	0	0	0	0	0	0
yewai_20_2	药王谷弟子		1011		50		30	12257	4681	0	-1	0	0		-1	0	0	0	0	0	0	0
yewai_20_2	药王谷弟子		1011		50		30	13015	5255	0	-1	0	0		-1	0	0	0	0	0	0	0
yewai_20_2	药王谷弟子		1011		50		30	9974	4368	0	-1	0	0		-1	0	0	0	0	0	0	0
yewai_20_2	药王谷弟子		1011		50		30	9819	4183	0	-1	0	0		-1	0	0	0	0	0	0	0
yewai_20_2	药王谷弟子		1011		50		30	9586	4140	0	-1	0	0		-1	0	0	0	0	0	0	0
yewai_20_2	药王谷弟子		1011		50		30	9369	4056	0	-1	0	0		-1	0	0	0	0	0	0	0
yewai_20_2	药王谷弟子		1011		50		30	9155	3962	0	-1	0	0		-1	0	0	0	0	0	0	0
yewai_20_2	药王谷弟子		1011		50		30	9158	4263	0	-1	0	0		-1	0	0	0	0	0	0	0
yewai_20_2	药王谷弟子		1011		50		30	9681	4423	0	-1	0	0		-1	0	0	0	0	0	0	0
yewai_20_2	药王谷弟子		1011		50		30	9304	3712	0	-1	0	0		-1	0	0	0	0	0	0	0
yewai_20_2	药王谷弟子		1011		50		30	9637	3657	0	-1	0	0		-1	0	0	0	0	0	0	0
yewai_20_2	药王谷弟子		1011		50		30	6848	4798	0	-1	0	0		-1	0	0	0	0	0	0	0
yewai_20_2	药王谷弟子		1011		50		30	7090	4946	0	-1	0	0		-1	0	0	0	0	0	0	0
yewai_20_2	药王谷弟子		1011		50		30	7362	5300	0	-1	0	0		-1	0	0	0	0	0	0	0
yewai_20_2	药王谷弟子		1011		50		30	7010	4686	0	-1	0	0		-1	0	0	0	0	0	0	0
yewai_20_2	药王谷弟子		1011		50		30	7232	4760	0	-1	0	0		-1	0	0	0	0	0	0	0
yewai_20_2	药王谷弟子		1011		50		30	7439	4683	0	-1	0	0		-1	0	0	0	0	0	0	0
yewai_20_2	药王谷弟子		1011		50		30	7406	5079	0	-1	0	0		-1	0	0	0	0	0	0	0
yewai_20_2	药王谷弟子		1011		50		30	7120	5162	0	-1	0	0		-1	0	0	0	0	0	0	0
yewai_20_2	药王谷弟子		1011		50		30	6649	4916	0	-1	0	0		-1	0	0	0	0	0	0	0
yewai_20_2	药王谷弟子		1011		50		30	6727	5287	0	-1	0	0		-1	0	0	0	0	0	0	0
yewai_20_2	药王谷弟子		1011		50		30	4437	3858	0	-1	0	0		-1	0	0	0	0	0	0	0
yewai_20_2	药王谷弟子		1011		50		30	4229	3613	0	-1	0	0		-1	0	0	0	0	0	0	0
yewai_20_2	药王谷弟子		1011		50		30	3944	3576	0	-1	0	0		-1	0	0	0	0	0	0	0
yewai_20_2	药王谷弟子		1011		50		30	3645	3627	0	-1	0	0		-1	0	0	0	0	0	0	0
yewai_20_2	药王谷弟子		1011		50		30	3950	4151	0	-1	0	0		-1	0	0	0	0	0	0	0
yewai_20_2	药王谷弟子		1011		50		30	12992	8753	0	-1	0	0		-1	0	0	0	0	0	0	0
yewai_20_2	药王谷弟子		1011		50		30	13093	8396	0	-1	0	0		-1	0	0	0	0	0	0	0
yewai_20_2	药王谷弟子		1011		50		30	13340	8220	0	-1	0	0		-1	0	0	0	0	0	0	0
yewai_20_2	药王谷弟子		1011		50		30	13369	8518	0	-1	0	0		-1	0	0	0	0	0	0	0
yewai_20_2	药王谷弟子		1011		50		30	13688	8577	0	-1	0	0		-1	0	0	0	0	0	0	0
yewai_20_2	药王谷弟子		1011		50		30	13658	8208	0	-1	0	0		-1	0	0	0	0	0	0	0
yewai_20_2	药王谷弟子		1011		50		30	13969	8283	0	-1	0	0		-1	0	0	0	0	0	0	0
yewai_20_2	药王谷弟子		1011		50		30	13667	9297	0	-1	0	0		-1	0	0	0	0	0	0	0
yewai_20_2	药王谷弟子		1011		50		30	13374	9255	0	-1	0	0		-1	0	0	0	0	0	0	0
yewai_20_2	药王谷弟子		1011		50		30	13922	9247	0	-1	0	0		-1	0	0	0	0	0	0	0
yewai_20_2	药王谷弟子		1011		50		30	14027	9017	0	-1	0	0		-1	0	0	0	0	0	0	0
yewai_20_2	药王谷弟子		1011		50		30	14132	8786	0	-1	0	0		-1	0	0	0	0	0	0	0
yewai_20_2	药王谷弟子		1011		50		30	13889	8526	0	-1	0	0		-1	0	0	0	0	0	0	0
yewai_20_2	药王谷弟子		1011		50		30	14174	8459	0	-1	0	0		-1	0	0	0	0	0	0	0
yewai_20_2	药王谷弟子		1011		50		30	13210	8807	0	-1	0	0		-1	0	0	0	0	0	0	0
yewai_20_2	药王谷弟子		1011		50		30	13394	9004	0	-1	0	0		-1	0	0	0	0	0	0	0
yewai_20_2	药王谷弟子		1011		50		30	13746	9029	0	-1	0	0		-1	0	0	0	0	0	0	0
yewai_20_2	药王谷弟子		1011		50		30	13566	8794	0	-1	0	0		-1	0	0	0	0	0	0	0
yewai_20_2	药王谷弟子		1011		50		30	13064	9033	0	-1	0	0		-1	0	0	0	0	0	0	0
yewai_20_2	药王谷弟子		1011		50		30	6948	6934	0	-1	0	0		-1	0	0	0	0	0	0	0
yewai_20_2	药王谷弟子		1011		50		30	7209	7137	0	-1	0	0		-1	0	0	0	0	0	0	0
yewai_20_2	药王谷弟子		1011		50		30	6657	6754	0	-1	0	0		-1	0	0	0	0	0	0	0
yewai_20_2	药王谷弟子		1011		50		30	6866	6568	0	-1	0	0		-1	0	0	0	0	0	0	0
yewai_20_2	药王谷弟子		1011		50		30	7192	6707	0	-1	0	0		-1	0	0	0	0	0	0	0
yewai_20_2	药王谷弟子		1011		50		30	7424	6568	0	-1	0	0		-1	0	0	0	0	0	0	0
yewai_20_2	药王谷弟子		1011		50		30	7302	6254	0	-1	0	0		-1	0	0	0	0	0	0	0
yewai_20_2	药王谷弟子		1011		50		30	6628	6446	0	-1	0	0		-1	0	0	0	0	0	0	0
yewai_20_2	药王谷弟子		1011		50		30	7614	6364	0	-1	0	0		-1	0	0	0	0	0	0	0
yewai_20_2	药王谷弟子		1011		50		30	7583	7167	0	-1	0	0		-1	0	0	0	0	0	0	0
yewai_20_2	药王谷弟子		1011		50		30	7756	6612	0	-1	0	0		-1	0	0	0	0	0	0	0
yewai_20_2	药王谷弟子		1011		50		30	7737	6974	0	-1	0	0		-1	0	0	0	0	0	0	0
yewai_20_2	药王谷弟子		1011		50		30	7409	6919	0	-1	0	0		-1	0	0	0	0	0	0	0
yewai_20_2	药王谷弟子		1011		50		30	7122	6443	0	-1	0	0		-1	0	0	0	0	0	0	0
yewai_20_2	药王谷弟子		1011		50		30	6933	6255	0	-1	0	0		-1	0	0	0	0	0	0	0
yewai_20_2	药王谷弟子		1011		50		30	4496	4178	0	-1	0	0		-1	0	0	0	0	0	0	0
yewai_20_2	药王谷弟子		1011		50		30	4414	4507	0	-1	0	0		-1	0	0	0	0	0	0	0
yewai_20_2	药王谷弟子		1011		50		30	4175	4339	0	-1	0	0		-1	0	0	0	0	0	0	0
yewai_20_2	药王谷弟子		1011		50		30	4167	4615	0	-1	0	0		-1	0	0	0	0	0	0	0
yewai_20_2	药王谷弟子		1011		50		30	3904	4399	0	-1	0	0		-1	0	0	0	0	0	0	0
yewai_20_2	药王谷弟子		1011		50		30	3836	4643	0	-1	0	0		-1	0	0	0	0	0	0	0
yewai_20_2	药王谷弟子		1011		50		30	3528	4571	0	-1	0	0		-1	0	0	0	0	0	0	0
yewai_20_2	药王谷弟子		1011		50		30	3688	4323	0	-1	0	0		-1	0	0	0	0	0	0	0
yewai_20_2	药王谷弟子		1011		50		30	3676	4056	0	-1	0	0		-1	0	0	0	0	0	0	0
yewai_20_2	药王谷弟子		1011		50		30	3425	4311	0	-1	0	0		-1	0	0	0	0	0	0	0
yewai_20_2	药王谷弟子		1011		50		30	3421	4052	0	-1	0	0		-1	0	0	0	0	0	0	0
yewai_20_2	药王谷弟子		1011		50		30	3516	3805	0	-1	0	0		-1	0	0	0	0	0	0	0
yewai_20_2	药王谷弟子		1011		50		30	3876	3880	0	-1	0	0		-1	0	0	0	0	0	0	0
yewai_20_2	药王谷弟子		1011		50		30	3456	8456	0	-1	0	0		-1	0	0	0	0	0	0	0
yecai1	野菜		3206		50		99	3880	5470	0	-1	0	0		0	0	0	0	0	0	0	0
yecai2	野菜		3206		50		99	3568	5309	0	-1	0	0		0	0	0	0	0	0	0	0
yecai3	野菜		3206		50		99	3393	5030	0	-1	0	0		0	0	0	0	0	0	0	0
yecai4	野菜		3206		50		99	3251	4860	0	-1	0	0		0	0	0	0	0	0	0	0
jiu1			3705		50		99	14180	4041	0	-1	0	0		0	0	0	0	0	0	0	0
jiu2			3705		50		99	14104	4070	0	-1	0	0		0	0	0	0	0	0	0	0
jiu3			3705		50		99	14130	3969	0	-1	0	0		0	0	0	0	0	0	0	0
