TemplateId	Faction	ChooseItem	Num	TimeFrame	Level	CheckLimit	szCheckTip	ThisNeedCount	Desc	NotVersion_vn	NotVersion_hk	NotVersion_xm	NotVersion_en	NotVersion_kor	NotVersion_th
2153		1134	1						T3稀有项链						
2153		1144	1						T3稀有戒指						
2153		1154	1						T3稀有玉佩						
2153		1164	1						T3稀有护身符						
3521		1135	1						T4稀有项链						
3521		1145	1						T4稀有戒指						
3521		1155	1						T4稀有玉佩						
3521		1165	1						T4稀有护身符						
3522		1136	1						T5稀有项链						
3522		1146	1						T5稀有戒指						
3522		1156	1						T5稀有玉佩						
3522		1166	1						T5稀有护身符						
3523		1137	1						T6稀有项链						
3523		1147	1						T6稀有戒指						
3523		1157	1						T6稀有玉佩						
3523		1167	1						T6稀有护身符						
2306		1135	1												
2306		1145	1												
2306		1155	1												
2306		1165	1												
2307		1175	1												
2307		1195	1												
2307		1205	1												
2307		1215	1												
2424	1	2398	1												
2424	1	2401	1												
2424	1	2719	1												
2424	1	2402	1												
2424	2	2720	1												
2424	2	2403	1												
2424	2	2404	1												
2424	2	2405	1												
2424	4	2721	1												
2424	4	2406	1												
2424	4	2407	1												
2424	4	2408	1												
2424	3	2409	1												
2424	3	2722	1												
2424	3	2410	1												
2424	3	2411	1												
2424	5	2412	1												
2424	5	2414	1												
2424	5	2413	1												
2424	5	2723	1												
2424	6	2724	1												
2424	6	2415	1												
2424	6	2416	1												
2424	6	2417	1												
2424	7	2713	1												
2424	7	2714	1												
2424	7	2715	1												
2424	7	2749	1												
2424	8	2716	1												
2424	8	2717	1												
2424	8	2718	1												
2424	8	2750	1												
2424	9	3267	1												
2424	9	3268	1												
2424	9	3269	1												
2424	9	3270	1												
2424	10	3271	1												
2424	10	3272	1												
2424	10	3273	1												
2424	10	3274	1												
2424	11	4021	1												
2424	11	4022	1												
2424	11	4023	1												
2424	11	4024	1												
2424	12	4025	1												
2424	12	4026	1												
2424	12	4027	1												
2424	12	4028	1												
2424	13	5201	1												
2424	13	5202	1												
2424	13	5203	1												
2424	13	5204	1												
2424	14	5205	1												
2424	14	5206	1												
2424	14	5207	1												
2424	14	5208	1												
2424	15	6675	1												
2424	15	6674	1												
2424	15	6676	1												
2424	15	6677	1												
2424	16	7520	1												
2424	16	7521	1												
2424	16	7522	1												
2424	16	7523	1												
2424	17	8445	1												
2424	17	8446	1												
2424	17	8447	1												
2424	17	8448	1												
2424	18	9879	1												
2424	18	9880	1												
2424	18	9881	1												
2424	18	9882	1												
2424	19	10537	1												
2424	19	10538	1												
2424	19	10539	1												
2424	19	10540	1												
2424	20	11273	1												
2424	20	11274	1												
2424	20	11275	1												
2424	20	11276	1												
2424	21	11952	1												
2424	21	11953	1												
2424	21	11954	1												
2424	21	11955	1												
2424	1	7991	1	OpenDay279				150	绝学·金钟罩						
2424	2	8001	1	OpenDay279				150	绝学·慈航普渡						
2424	3	8011	1	OpenDay279				150	绝学·火凤燎原						
2424	4	8021	1	OpenDay279				150	绝学·白虹贯日						
2424	5	8031	1	OpenDay279				150	绝学·无我无剑						
2424	6	8041	1	OpenDay279				150	绝学·死亡回旋						
2424	7	8051	1	OpenDay279				150	绝学·大力金刚指						
2424	8	8061	1	OpenDay279				150	绝学·召唤啵啵						
2424	9	8071	1	OpenDay279				150	绝学·暴雨梨花						
2424	10	8081	1	OpenDay279				150	绝学·混沌剑阵						
2424	11	8091	1	OpenDay279				150	绝学·亢龙有悔						
2424	12	8101	1	OpenDay279				150	绝学·五毒笛法						
2424	13	8111	1	OpenDay279				150	绝学·玉泉鱼跃						
2424	14	8121	1	OpenDay279				150	绝学·余音绕梁						
2424	15	8131	1	OpenDay279				150	绝学·梅花三弄						
2424	16	8141	1	OpenDay279				150	绝学·浴血蹈锋						
2424	17	8151	1	OpenDay279				150	绝学·风送紫霞						
2424	18	9988	1	OpenDay279				150	绝学·火光残影						
2424	19	10557	1	OpenDay279				150	绝学·一阳指						
2424	20	11285	1	OpenDay279				150	绝学·执颖点墨						
2424	21	11964	1	OpenDay279				150	绝学·执颖点墨						
2424	1	7992	1	OpenDay369				150	绝学·血战八方						
2424	2	8002	1	OpenDay369				150	绝学·白露凝霜						
2424	3	8012	1	OpenDay369				150	绝学·桃花箭术						
2424	4	8022	1	OpenDay369				150	绝学·七探蛇盘						
2424	5	8032	1	OpenDay369				150	绝学·坐忘无我						
2424	6	8042	1	OpenDay369				150	绝学·血月之影						
2424	7	8052	1	OpenDay369				150	绝学·罗汉阵						
2424	8	8062	1	OpenDay369				150	绝学·冰心雪莲						
2424	9	8072	1	OpenDay369				150	绝学·九宫飞星						
2424	10	8082	1	OpenDay369				150	绝学·啸风三连击						
2424	11	8092	1	OpenDay369				150	绝学·龙战于野						
2424	12	8102	1	OpenDay369				150	绝学·驭蛊心经						
2424	13	8112	1	OpenDay369				150	绝学·映波锁澜						
2424	14	8122	1	OpenDay369				150	绝学·云生结海						
2424	15	8132	1	OpenDay369				150	绝学·梅花三弄						
2424	16	8142	1	OpenDay369				150	绝学·挟山超海
2424	17	8152	1	OpenDay369				150	绝学·箫史乘龙
2424	18	9989	1	OpenDay369				150	绝学·不灭之光
2424	19	10558	1	OpenDay369				150	绝学·水龙狱
2424	20	11286	1	OpenDay369				150	绝学·兰摧玉折
2424	21	11965	1	OpenDay369				150	绝学·兰摧玉折
2699		2528	1			1			【4级魂石任选】初级魂石·杨瑛						
2699		2529	1						初级魂石·清晓师太						
2699		2530	1						初级魂石·祝子虚						
2699		2531	1						初级魂石·黄暮云						
2699		2532	1	OpenLevel69					初级魂石·道一真人						
2699		2533	1						初级魂石·端木睿						
2699		1754	1	OpenLevel89					初级魂石·赤睛虎皇						
2699		1755	1	OpenLevel89					初级魂石·撼天熊皇						
2699		1756	1	OpenLevel89					初级魂石·紫背鳄皇						
2699		1757	1	OpenLevel69					初级魂石·定海金刚						
2699		1758	1	OpenLevel69					初级魂石·金翅鹏皇						
2699		1759	1	OpenLevel69					初级魂石·银角犀皇						
2699		2534	1						初级魂石·孟知秋						
2699		2535	1						初级魂石·李显忠						
2699		2536	1						初级魂石·徒单克宁						
2699		2696	1	OpenLevel79					初级魂石·完颜洪烈						
2699		2824	1	OpenLevel89					初级魂石·玄天武机						
2699		2825	1	OpenLevel89					初级魂石·白起						
2699		2826	1	OpenLevel89					初级魂石·李斯						
2699		2848	1	OpenLevel69					初级魂石·玄因						
2699		3022	1	OpenLevel89					初级魂石·雷						
2699		3215	1	OpenLevel99					初级魂石·李元霸						
2699		3216	1	OpenLevel99					初级魂石·赵云						
2699		3217	1	OpenLevel99					初级魂石·李广						
2699		2672	1	OpenLevel69					初级魂石·荆轲						
2699		2673	1	OpenLevel69					初级魂石·虞姬						
2699		2674	1	OpenLevel69					初级魂石·岳飞						
2699		2668	1	OpenLevel79		1			初级魂石·独孤剑						
2699		2880	1	OpenLevel89		1			初级魂石·南宫飞云						
2699		2881	1	OpenLevel99		1			初级魂石·杨影枫						
2699		3371	1	OpenLevel99					初级魂石·尹含烟						
2699		3372	1	OpenLevel99		1			初级魂石·璇玑子						
2699		3373	1	OpenLevel99		1			初级魂石·玄天道人						
2699		3709	1	OpenLevel79					初级魂石·年兽						
2699		3856	1	OpenLevel99		1			初级魂石·唐仇						
2699		3854	1	OpenLevel109		1			初级魂石·黑面郎君						
2699		3855	1	OpenLevel109		1			初级魂石·何人我						
2699		4540	1	OpenLevel109					初级魂石·冰鳞蜥皇						
2699		4541	1	OpenLevel109					初级魂石·银钩蝎皇						
2699		4542	1	OpenLevel109					初级魂石·狂鬃獒皇						
2699		4873	1	OpenLevel109		1			初级魂石·宋秋石						
2699		4874	1	OpenLevel99		1			初级魂石·古嫣然						
2699		5433	1	OpenLevel129		1			初级魂石·石轩辕						
2699		6067	1	OpenLevel109		1			初级魂石·叶青阳						
2699		6068	1	OpenLevel119		1			初级魂石·冰仪						
2699		6069	1	OpenLevel109		1			初级魂石·杨再兴						
2699		6070	1	OpenLevel109		1			初级魂石·完颜娄室						
2699		6100	1	OpenLevel119		1			初级魂石·萧玉竹						
2699		6285	1	OpenLevel129		1			初级魂石·韩蒙						
2699		5432	1	OpenLevel139		1			初级魂石·尹筱雨						
2699		6128	1	OpenLevel139		1			初级魂石·狄仁杰						
2699		6129	1	OpenLevel139		1			初级魂石·李元芳						
2699		6130	1	OpenLevel139		1			初级魂石·无字碑						
2699		6101	1	OpenLevel129		1			初级魂石·金兀术						
2699		7374	1	OpenLevel89		1			初级魂石·何怜飘						
2699		7429	1	OpenLevel139		1			初级魂石·龙纹狮王(唯一)						
2699		7432	1	OpenLevel139		1			初级魂石·巨螯蜂后(唯一)						
2699		7649	1	OpenLevel89		1			初级魂石·王云潇						
2699		7650	1	OpenLevel89		1			初级魂石·惊雪						
2699		7741	1	OpenLevel129		1			初级魂石·空相						
2699		9398	1	OpenLevel109		1			初级魂石·林青羽						
2699		9971	1	OpenLevel139		1			初级魂石·风行周						
7716		2528	1			1			【4级兵甲魂石任选】初级魂石·杨瑛						
7716		2529	1						初级魂石·清晓师太						
7716		2825	1	OpenLevel89					初级魂石·白起						
7716		2848	1	OpenLevel69					初级魂石·玄因						
7716		3022	1	OpenLevel89					初级魂石·雷						
7716		3373	1	OpenLevel99		1			初级魂石·玄天道人						
7716		3854	1	OpenLevel109		1			初级魂石·黑面郎君						
7716		4874	1	OpenLevel99		1			初级魂石·古嫣然						
7716		6128	1	OpenLevel139		1			初级魂石·狄仁杰						
7716		6130	1	OpenLevel139		1			初级魂石·无字碑						
7716		7741	1	OpenLevel129		1			初级魂石·空相						
7717		2530	1						【4级首饰魂石任选】初级魂石·祝子虚						
7717		2531	1						初级魂石·黄暮云						
7717		1756	1	OpenLevel89					初级魂石·紫背鳄皇						
7717		2534	1						初级魂石·孟知秋						
7717		2536	1						初级魂石·徒单克宁						
7717		2696	1	OpenLevel79					初级魂石·完颜洪烈						
7717		2824	1	OpenLevel89					初级魂石·玄天武机						
7717		2826	1	OpenLevel89					初级魂石·李斯						
7717		3216	1	OpenLevel99					初级魂石·赵云						
7717		2673	1	OpenLevel69					初级魂石·虞姬						
7717		2674	1	OpenLevel69					初级魂石·岳飞						
7717		2880	1	OpenLevel89		1			初级魂石·南宫飞云						
7717		3856	1	OpenLevel99		1			初级魂石·唐仇						
7717		3855	1	OpenLevel109		1			初级魂石·何人我						
7717		4540	1	OpenLevel109					初级魂石·冰鳞蜥皇						
7717		4541	1	OpenLevel109					初级魂石·银钩蝎皇						
7717		4542	1	OpenLevel109					初级魂石·狂鬃獒皇						
7717		4873	1	OpenLevel109		1			初级魂石·宋秋石						
7717		6067	1	OpenLevel109		1			初级魂石·叶青阳						
7717		6069	1	OpenLevel109		1			初级魂石·杨再兴						
7717		6070	1	OpenLevel109		1			初级魂石·完颜娄室						
7717		7429	1	OpenLevel139		1			初级魂石·龙纹狮王(唯一)						
7717		7432	1	OpenLevel139		1			初级魂石·巨螯蜂后(唯一)						
7717		7650	1	OpenLevel89		1			初级魂石·惊雪						
7718		2532	1	OpenLevel69					【4级防具魂石任选】初级魂石·道一真人						
7718		2533	1						初级魂石·端木睿						
7718		1754	1	OpenLevel89					初级魂石·赤睛虎皇						
7718		1755	1	OpenLevel89					初级魂石·撼天熊皇						
7718		1757	1	OpenLevel69					初级魂石·定海金刚						
7718		1758	1	OpenLevel69					初级魂石·金翅鹏皇						
7718		1759	1	OpenLevel69					初级魂石·银角犀皇						
7718		2535	1						初级魂石·李显忠						
7718		3215	1	OpenLevel99					初级魂石·李元霸						
7718		3217	1	OpenLevel99					初级魂石·李广						
7718		2672	1	OpenLevel69					初级魂石·荆轲						
7718		2668	1	OpenLevel79		1			初级魂石·独孤剑						
7718		2881	1	OpenLevel99		1			初级魂石·杨影枫						
7718		3371	1	OpenLevel99					初级魂石·尹含烟						
7718		3372	1	OpenLevel99		1			初级魂石·璇玑子						
7718		3709	1	OpenLevel79					初级魂石·年兽						
7718		5433	1	OpenLevel129		1			初级魂石·石轩辕						
7718		6068	1	OpenLevel119		1			初级魂石·冰仪						
7718		6100	1	OpenLevel119		1			初级魂石·萧玉竹						
7718		6285	1	OpenLevel129		1			初级魂石·韩蒙						
7718		5432	1	OpenLevel139		1			初级魂石·尹筱雨						
7718		6129	1	OpenLevel139		1			初级魂石·李元芳						
7718		6101	1	OpenLevel129		1			初级魂石·金兀术						
7718		7374	1	OpenLevel89		1			初级魂石·何怜飘						
7718		7649	1	OpenLevel89		1			初级魂石·王云潇						
7670		6126	1	OpenLevel129					初级魂石·武则天(阴)						
7670		6127	1	OpenLevel129					初级魂石·武则天(阳)						
7670		6112	1	OpenDay353					初级魂石·绝世虞姬						
7670		4849	1	OpenLevel109					初级魂石·唐晓						
7670		4595	1	OpenDay353					初级魂石·项羽						
7670		4053	1	OpenDay279					初级魂石·完颜洪烈(真)						
7670		2827	1	OpenDay89					初级魂石·秦始皇（阴）						
7670		2828	1	OpenDay89					初级魂石·秦始皇（阳）						
7670		3897	1	OpenLevel109					初级魂石·唐简						
7670		7377	1	OpenLevel139					初级魂石·虞允文						
7670		7648	1	OpenLevel99					初级魂石·王腾						
7670		9401	1	OpenLevel129					初级魂石·孟苍岚						
7670		9977	1	OpenLevel169					初级魂石·鬼谷子·阴						
7670		9980	1	OpenLevel169					初级魂石·鬼谷子·阳						
7670		9974	1	OpenLevel169					初级魂石·方公望						
7670		10126	1	OpenLevel169					初级魂石·玄冰貂皇						
7670		10127	1	OpenLevel169					初级魂石·万毒棘皇						
7670		10128	1	OpenLevel129					初级魂石·完颜宗翰						
7670		10149	1	OpenLevel139					初级魂石·叶无心						
7670		10449	1	OpenLevel169					初级魂石·天音						
3179		1378	1						同伴·独孤剑						
3179		2253	1						同伴·南宫飞云						
3179		2254	1						同伴·杨影枫						
3179		1398	1	OpenDay52					同伴·荆轲						
3179		2258	1	OpenDay52					同伴·虞姬						
3179		2259	1	OpenDay52					同伴·岳飞						
3179		1399	1	OpenDay128					同伴·李广						
3179		1400	1	OpenDay128					同伴·赵云						
3179		1401	1	OpenDay128					同伴·李元霸						
3179		2255	1	OpenLevel109					同伴·唐简						
3495		1175	1						稀有4阶帽子						
3495		1195	1						稀有4阶护腕						
3495		1205	1						稀有4阶腰带						
3495		1215	1						稀有4阶鞋子						
3520		1174	1						T3稀有帽子						
3520		1194	1						T3稀有护腕						
3520		1204	1						T3稀有腰带						
3520		1214	1						T3稀有鞋子						
3519		1175	1						T4稀有帽子						
3519		1195	1						T4稀有护腕						
3519		1205	1						T4稀有腰带						
3519		1215	1						T4稀有鞋子						
3511		1176	1						T5稀有帽子						
3511		1196	1						T5稀有护腕						
3511		1206	1						T5稀有腰带						
3511		1216	1						T5稀有鞋子						
3512		1177	1						T6稀有帽子						
3512		1197	1						T6稀有护腕						
3512		1207	1						T6稀有腰带						
3512		1217	1						T6稀有鞋子						
3513		1178	1						T7稀有帽子						
3513		1198	1						T7稀有护腕						
3513		1208	1						T7稀有腰带						
3513		1218	1						T7稀有鞋子						
3514		1179	1						T8稀有帽子						
3514		1199	1						T8稀有护腕						
3514		1209	1						T8稀有腰带						
3514		1219	1						T8稀有鞋子						
3517		1697	1						初级魂石·殷方						
3517		1709	1						初级魂石·卓非凡(唯一)						
3517		1710	1						初级魂石·月明瑶						
3517		1711	1						初级魂石·龙傲天						
3517		1712	1						初级魂石·沫天然						
3517		1719	1						初级魂石·唐潇						
3517		1721	1						初级魂石·张琳心						
3517		1722	1						初级魂石·封玉书						
3517		1725	1						初级魂石·何暮雪						
3517		1726	1						初级魂石·赵升权						
3517		1727	1						初级魂石·纳兰真						
3517		1728	1						初级魂石·柴嵩						
3517		1737	1						初级魂石·邵宏渊						
3517		1738	1						初级魂石·白彦敬						
3517		1740	1						初级魂石·雷风						
3517		1741	1						初级魂石·雷同						
3517		1742	1						初级魂石·唐娟娟						
3517		1744	1						初级魂石·夺宝贼						
3517		1760	1						初级魂石·张风						
3517		1761	1						初级魂石·月眉儿						
3517		1704	1						初级魂石·白眉猴王						
3517		1705	1						初级魂石·大地狼王						
3517		1706	1						初级魂石·寒玉鹿王						
3517		1745	1						初级魂石·双兽异兽						
3517		1746	1						初级魂石·奔焰豹王						
3517		1747	1						初级魂石·九尾狐王						
3518		1713	1						初级魂石·少年杨影枫						
3518		1729	1	OpenLevel79					初级魂石·曲霞						
3518		1730	1	OpenLevel99					初级魂石·耶律辟离						
3518		1731	1						初级魂石·杨铁心						
3518		1732	1						初级魂石·无想						
3518		1733	1						初级魂石·柳潇庭						
3518		1734	1	OpenLevel59					初级魂石·李恬儿						
3518		1735	1	OpenLevel79					初级魂石·李天目						
3518		1736	1	OpenLevel59					初级魂石·完颜襄						
3518		1739	1	OpenLevel69					初级魂石·耶律楚材						
3518		1743	1						初级魂石·雷震天						
3518		1762	1						初级魂石·天星道长						
3518		1763	1						初级魂石·燕若雪						
3518		1764	1						初级魂石·杨熙烈						
3518		1765	1						初级魂石·上官飞龙						
3518		1766	1						初级魂石·纳兰潜凛						
3518		1767	1						初级魂石·方勉						
3518		1768	1						初级魂石·南宫灭						
3518		1769	1	OpenLevel79					初级魂石·唐影						
3518		1770	1	OpenLevel79					初级魂石·秋依水						
3518		2847	1	OpenLevel59					初级魂石·玄慈						
3693		1471	1						独孤剑·巨阙剑						
3693		1472	1						南宫飞云·剑中之剑						
3693		1473	1						杨影枫·悲魔之刃						
3693		1480	1	OpenDay52					荆轲·麒麟匕						
3693		1481	1	OpenDay52					虞姬·绕梁琴						
3693		1482	1	OpenDay52					岳飞·沥泉神矛						
3693		1479	1	OpenDay128					李广·射虎弓						
3693		1478	1	OpenDay128					赵云·龙胆亮银枪						
3693		1477	1	OpenDay128					李元霸·擂鼓瓮金锤						
3693		1474	1	OpenLevel109					唐简·玄雨双星						
3700		2212	1						同伴·月眉儿						
3700		3764	1						同伴·杨瑛						
3700		2665	1						同伴·清晓师太						
3700		3765	1						同伴·祝子虚						
3700		2666	1						同伴·黄暮云						
3700		3389	1						同伴·道一真人						
3700		3766	1						同伴·端木睿						
3700		2264	1						同伴·孟知秋						
3700		2213	1						同伴·张风						
3700		2217	1						同伴·南宫灭						
3700		2219	1						同伴·方勉						
3700		2262	1						同伴·唐影						
3700		2263	1						同伴·秋依水						
3700		2215	1						同伴·天星道长						
3700		2214	1						同伴·燕若雪						
3700		2216	1						同伴·杨熙烈						
3700		2218	1						同伴·上官飞龙						
3700		2220	1						同伴·纳兰潜凛						
3700		1374	1	OpenDay7					同伴·高长恭						
3700		1375	1	OpenDay7					同伴·哲别						
3700		2236	1	OpenDay7					同伴·秦良玉						
3700		1376	1	OpenDay7					同伴·袁承志						
3700		1377	1	OpenDay7					同伴·鳌拜						
3700		2235	1	OpenDay7					同伴·韩世忠						
3700		1405	1	OpenDay116					同伴·赤睛虎皇						
3700		1404	1	OpenDay116					同伴·撼天熊皇						
3700		2260	1	OpenDay116					同伴·紫背鳄皇						
3700		1403	1	OpenDay35					同伴·定海金刚						
3700		1402	1	OpenDay35					同伴·金翅鹏皇						
3700		2511	1	OpenDay35					同伴·银角犀皇						
3700		4576	1	OpenDay251					同伴·冰鳞蜥皇						
3700		4577	1	OpenDay251					同伴·银钩蝎皇						
3700		4578	1	OpenDay251					同伴·狂鬃獒皇						
3701		1486	1						月眉儿·冰心仙子						
3701		1487	1						杨瑛·朝阳灿金枪						
3701		1488	1						清晓师太·涤尘剑						
3701		1489	1						祝子虚·太霄神枪						
3701		1490	1						黄暮云·碧海潮生弓						
3701		1491	1						道一真人·璇玑剑						
3701		1492	1						端木睿·夺魂刃						
3701		1499	1						孟知秋·沧海剑						
3701		1512	1						张风·乘风剑						
3701		1513	1						南宫灭·百炼手套						
3701		1514	1						方勉·碎星剑						
3701		1515	1						唐影·千机扇						
3701		1516	1						秋依水·云烟荷						
3701		1517	1						天星道长·摘星手套						
3701		1518	1						燕若雪·飘雪流云袖						
3701		1519	1						杨熙烈·凌绝剑						
3701		1520	1						上官飞龙·挽月剑						
3701		1521	1						纳兰潜凛·天魔剑						
3701		1500	1	OpenDay7					高长恭·武陵白狼刃						
3701		1501	1	OpenDay7					哲别·天鹰弩						
3701		1502	1	OpenDay7					秦良玉·暴雨梨花枪						
3701		1503	1	OpenDay7					袁承志·碧血剑						
3701		1504	1	OpenDay7					鳌拜·斩鲨刀						
3701		1505	1	OpenDay7					韩世忠·霸虎刀						
3701		1506	1	OpenDay116					赤睛虎皇·白虎之爪						
3701		1507	1	OpenDay116					撼天熊皇·暴君之牙						
3701		1508	1	OpenDay116					紫背鳄皇·紫金之鳞						
3701		1509	1	OpenDay35					定海金刚·金刚之镯						
3701		1510	1	OpenDay35					金翅鹏皇·迦楼罗之羽						
3701		1511	1	OpenDay35					银角犀皇·望月犀角						
3729		3554	1						SSS同伴秦始皇						
3729		3748	1						15000元宝						
3752		2782	1						6阶黄金衣服						
3752		3743	1						50000元宝						
3753		2783	1						7阶黄金衣服						
3753		3744	1						60000元宝						
3754		2784	1						8阶黄金衣服						
3754		3746	1						9000元宝						
3755		3631	1						9阶黄金衣服						
3755		3747	1						120000元宝						
7444		3632	1						10阶黄金衣服						
7444		3747	1						120000元宝						
7445		5390	1						11阶黄金衣服						
7445		3747	1						120000元宝						
7446		5391	1						12阶黄金衣服						
7446		3747	1						120000元宝						
10263		10051	1						12阶白金项链						
10263		3747	1						120000元宝						
10264		10052	1						13阶白金项链						
10264		3747	1						120000元宝						
10265		10053	1						14阶白金项链						
10265		3747	1						120000元宝						
3756		2767	1						6阶黄金项链						
3756		3741	1						30000元宝						
3757		2768	1						7阶黄金项链						
3757		2774	1						7阶黄金玉佩						
3757		3742	1						40000元宝						
3758		2769	1						8阶黄金项链						
3758		2775	1						8阶黄金玉佩						
3758		3744	1						60000元宝						
3759		3621	1						9阶黄金项链						
3759		3625	1						9阶黄金玉佩						
3759		3745	1						80000元宝						
7447		3622	1						10阶黄金项链						
7447		3626	1						10阶黄金玉佩						
7447		3745	1						80000元宝						
7448		5365	1						11阶黄金项链						
7448		5375	1						11阶黄金玉佩						
7448		3745	1						80000元宝						
7449		5366	1						12阶黄金项链						
7449		5376	1						12阶黄金玉佩						
7449		3745	1						80000元宝						
10266		5371	1						12阶黄金戒指						
10266		3745	1						80000元宝						
10267		5372	1						13阶黄金戒指						
10267		5382	1						13阶黄金护身符						
10267		3745	1						80000元宝						
10268		5373	1						14阶黄金戒指						
10268		5383	1						14阶黄金护身符						
10268		3745	1						80000元宝						
3760		2779	1						6阶黄金帽子						
3760		2788	1						6阶黄金腰带						
3760		3739	1						15000元宝						
3761		2780	1						7阶黄金帽子						
3761		2789	1						7阶黄金腰带						
3761		3740	1						20000元宝						
3762		2781	1						8阶黄金帽子						
3762		2790	1						8阶黄金腰带						
3762		3741	1						30000元宝						
3763		3629	1						9阶黄金帽子						
3763		3635	1						9阶黄金腰带						
3763		3742	1						40000元宝						
7450		3630	1						10阶黄金帽子						
7450		3636	1						10阶黄金腰带						
7450		3742	1						40000元宝						
7451		5385	1						11阶黄金帽子						
7451		5400	1						11阶黄金腰带						
7451		3742	1						40000元宝						
7452		5386	1						12阶黄金帽子						
7452		5401	1						12阶黄金腰带						
7452		3742	1						40000元宝						
10269		5396	1						12阶黄金护腕						
10269		3742	1						40000元宝						
10270		5397	1						13阶黄金护腕						
10270		5407	1						13阶黄金鞋子						
10270		3742	1						40000元宝						
10271		5398	1						14阶黄金护腕						
10271		5408	1						14阶黄金鞋子						
10271		3742	1						40000元宝						
4617		4607	1						520活动线索地图						
4617		4608	1						520活动线索地图						
4617		4609	1						520活动线索地图						
4617		4610	1						520活动线索地图						
4617		4611	1						520活动线索地图						
4617		4612	1						520活动线索地图						
4617		4613	1						520活动线索地图						
4731		4302	24						府绸						
4731		4307	24						铜锭						
4731		4322	24						花岗岩						
4731		4312	24						琉璃						
4731		4317	24						羊皮						
4731		4297	24						桦木						
4732		4303	12						素软缎						
4732		4308	12						百炼钢						
4732		4323	12						大理石						
4732		4313	12						珍珠						
4732		4318	12						貂皮						
4732		4298	12						核桃木						
4733		4304	6						宋锦						
4733		4309	6						银锭						
4733		4324	6						雨花石						
4733		4314	6						岫岩玉						
4733		4319	6						虎皮						
4733		4299	6						香樟木						
4734		4305	3						织金锦						
4734		4310	3						金锭						
4734		4325	3						天河石						
4734		4315	3						翡翠						
4734		4320	3						熊皮						
4734		4300	3						紫檀木						
4799		1173	1						T2稀有帽子						
4799		1193	1						T2稀有护腕						
4799		1203	1						T2稀有腰带						
4799		1213	1						T2稀有鞋子						
4798		1133	1						T2稀有项链						
4798		1143	1						T2稀有戒指						
4798		1153	1						T2稀有玉佩						
4798		1163	1						T2稀有护身符						
4797		1134	1						T3稀有项链						
4797		1144	1						T3稀有戒指						
4797		1154	1						T3稀有玉佩						
4797		1164	1						T3稀有护身符						
4825		4303	64						素软缎（3级家具材料）						
4825		4308	64						百炼钢						
4825		4323	64						大理石						
4825		4313	64						珍珠						
4825		4318	64						貂皮						
4825		4298	64						核桃木						
4826		4304	32						宋锦（4级家具材料）						
4826		4309	32						银锭						
4826		4324	32						雨花石						
4826		4314	32						岫岩玉						
4826		4319	32						虎皮						
4826		4299	32						香樟木						
4827		4305	16						织金锦（5级家具材料）						
4827		4310	16						金锭						
4827		4325	16						天河石						
4827		4315	16						翡翠						
4827		4320	16						熊皮						
4827		4300	16						紫檀木						
5414		5416	1						3000贡献						
5414		5419	1						3000元气						
5415		5417	1						10000贡献						
5415		5418	1						10000元气						
6120		6122	1						2500贡献						
6120		6124	1						2500元气						
6121		6123	1						8000贡献						
6121		6125	1						8000元气						
6813		6814	1						50000贡献						
6813		6815	1						50000元气						
6091		1378	1						同伴·独孤剑						
6091		2253	1						同伴·南宫飞云						
6091		2254	1						同伴·杨影枫						
6148		3554	1						同伴·秦始皇						
6148		3553	1						同伴·项羽						
6148		4056	1						同伴·完颜洪烈						
6148		3555	1						同伴·武则天						
6148		3552	1	OpenLevel139Add90					同伴·鬼谷子						
6388		6389	1						忘忧岛分卷						
6388		6390	1						襄阳分卷						
6388		6391	1						锁云渊分卷						
6388		6392	1						武夷山分卷						
6388		6393	1						雁荡山分卷						
6388		6394	1						点苍山分卷						
6388		6395	1						苗岭分卷						
6388		6396	1						洞庭湖畔分卷						
6388		6397	1						夜郎废墟分卷						
6388		6398	1						响水洞分卷						
6388		6399	1						见性峰分卷						
6388		6400	1						剑门关分卷						
6388		6401	1						风陵渡分卷						
6388		6402	1						荐菊洞分卷						
6388		6403	1						伏牛山分卷						
6388		6404	1						古战场分卷						
6388		6405	1						太行古径分卷						
6388		6406	1						祁连山分卷						
6388		6407	1						沙漠遗迹分卷						
6388		6408	1						敦煌古城分卷						
6388		6409	1						昆虚脉藏分卷						
6388		6410	1						药王谷分卷						
6388		6411	1						漠北草原分卷						
6388		6412	1						长白山分卷						
6388		6413	1						残桓铁城分卷						
6414		6415	1						忘忧岛分卷碎片						
6414		6416	1						襄阳分卷碎片						
6414		6417	1						锁云渊分卷碎片						
6414		6418	1						武夷山分卷碎片						
6414		6419	1						雁荡山分卷碎片						
6414		6420	1						点苍山分卷碎片						
6414		6421	1						苗岭分卷碎片						
6414		6422	1						洞庭湖畔分卷碎片						
6414		6423	1						夜郎废墟分卷碎片						
6414		6424	1						响水洞分卷碎片						
6414		6425	1						见性峰分卷碎片						
6414		6426	1						剑门关分卷碎片						
6414		6427	1						风陵渡分卷碎片						
6414		6428	1						荐菊洞分卷碎片						
6414		6429	1						伏牛山分卷碎片						
6414		6430	1						古战场分卷碎片						
6414		6431	1						太行古径分卷碎片						
6414		6432	1						祁连山分卷碎片						
6414		6433	1						沙漠遗迹分卷碎片						
6414		6434	1						敦煌古城分卷碎片						
6414		6435	1						昆虚脉藏分卷碎片						
6414		6436	1						药王谷分卷碎片						
6414		6437	1						漠北草原分卷碎片						
6414		6438	1						长白山分卷碎片						
6414		6439	1						残桓铁城分卷碎片						
6443		1471	1						独孤剑·巨阙剑						
6443		1472	1						南宫飞云·剑中之剑						
6443		1473	1						杨影枫·悲魔之刃						
6443		1480	1	OpenDay52					荆轲·麒麟匕						
6443		1481	1	OpenDay52					虞姬·绕梁琴						
6443		1482	1	OpenDay52					岳飞·沥泉神矛						
6443		1479	1	OpenDay128					李广·射虎弓						
6443		1478	1	OpenDay128					赵云·龙胆亮银枪						
6443		1477	1	OpenDay128					李元霸·擂鼓瓮金锤						
6443		1474	1	OpenLevel109					唐简·玄雨双星						
6537		6149	1					1	任脉·曲骨通穴秘卷						
6537		6150	1					1	督脉·长强通穴秘卷						
6537		6276	1					1	冲脉·幽门通穴秘卷						
6533		6188	1					1	20000真气						
6533		6536	1					1	20000元气						
6533		7070	1					1	20000贡献						
6534		6187	1					1	10000真气						
6534		5418	1					1	10000元气						
6534		5417	1					1	10000贡献						
6535		6467	1					1	5000真气						
6535		6538	1					1	5000元气						
6535		7071	1					1	5000贡献						
7936		6186	1					1	3000真气						
7936		5419	1					1	3000元气						
7936		5416	1					1	3000贡献						
2799		2796	1						黄金图谱（帽子）						
2799		2797	1						黄金图谱（腰带）						
6740		6757	1						【天王】流星水果锤·30天						
6740		6758	1						【峨眉】蔷薇风霜剑·30天						
6740		6759	1						【桃花】晴天落花弓·30天						
6740		6760	1						【逍遥】飞天流彗枪·30天						
6740		6761	1						【武当】太岳金桔剑·30天						
6740		6762	1						【天忍】破月春花刺·30天						
6740		6763	1						【少林】扶风破梦杖·30天						
6740		6764	1						【翠烟】梦幻芙蕖枝·30天						
6740		6765	1						【唐门】神弩木生花·30天						
6740		6766	1						【昆仑】桃花笑春风·30天						
6740		6767	1						【丐帮】翠玉青竹杖·30天						
6740		6768	1						【五毒】苗疆朝颜笛·30天						
6740		6769	1						【藏剑】冷杉翠芽枝·30天						
6740		6770	1						【长歌】摇曳百合束·30天						
6740		6988	1						【天山】玉音海棠枝·30天						
7073		6795	1						同伴·林更新						
7073		6796	1						同伴·颖宝宝						
7129		6149	1					1	任脉·曲骨通穴秘卷						
7129		6150	1					1	督脉·长强通穴秘卷						
7420		3714	1						洗髓经（上）						
7420		3715	1						洗髓经（中）						
7420		3716	1						洗髓经（下）						
7966		3462	1						赤金驭天绳碎片						
7966		3469	1						赤金驭天鞍碎片						
7966		3476	1						赤金驭天蹬碎片						
8499		8322	1						《荆轲歌》						
8499		8325	1						《田家元日》						
8499		8329	1						《风雨》						
8499		8331	1						《兵车行（残卷）》						
8499		8334	1						《秋山晚翠图》						
8499		8338	1						《霹雳雷霆斩》						
8499		8343	1						《独孤无意剑》						
8499		8344	1						《重刀八式》						
8499		8351	1						《岳家拳》						
8499		8497	1						《汉宫秋月》						
8500		8326	1						《元日》						
8500		8327	1						《相思》						
8500		8328	1						《野望》						
8500		8335	1						《晴峦萧寺图》						
8500		8337	1						《笼袖骄民图》						
8500		8339	1						《越女剑法》						
8500		8340	1						《黑铁剑法》						
8500		8345	1						《反八卦刀法》						
8500		8346	1						《无虚刀法》						
8500		8352	1						《镜山拳》						
8500		8353	1						《美女拳》						
8500		8354	1						《七断七绝掌》						
8500		8355	1						《魔煞掌》						
8500		8356	1						《千丝万毒掌》						
8500		8479	1						《关雎》						
8500		8480	1						《木瓜》						
8500		8481	1						《夕阳萧鼓》						
8500		8482	1						《清明》						
8500		8483	1						《清明夜》						
8500		8484	1						《问刘十九》						
8500		8491	1						《广陵散》	1	1	1	1	1	1
8500		8492	1						《梅花三弄》	1	1	1	1	1	1
8500		8493	1						《平沙落雁》						
8500		8494	1						《十面埋伏》						
8500		8495	1						《渔樵问答》						
9473		7294	1						绒雪华冠						
9473		7295	1						云梦之犄						
9473		7311	1						福运兴旺						
9473		7954	1						玉丝千缕						
9473		9779	1						敛邪断魂						
9473		10583	1						玉面灵狐						
9703		6149	1					1	任脉·曲骨通穴秘卷						
9703		6150	1					1	督脉·长强通穴秘卷						
9703		6276	1					1	冲脉·幽门通穴秘卷						
9703		6277	1					1	阳跷脉·睛明通穴秘卷						
9705		9430	1				CheckPartnerCardTip|12		【门客】独孤剑						
9705		9431	1				CheckPartnerCardTip|13		【门客】南宫飞云						
9705		9432	1				CheckPartnerCardTip|14		【门客】杨影枫						
9705		9433	1				CheckPartnerCardTip|15		【门客】唐简						
9705		9434	1				CheckPartnerCardTip|18		【门客】李元霸						
9705		9435	1				CheckPartnerCardTip|19		【门客】赵云						
9705		9436	1				CheckPartnerCardTip|20		【门客】李广						
9705		9437	1				CheckPartnerCardTip|21		【门客】荆轲						
9705		9438	1				CheckPartnerCardTip|22		【门客】虞姬						
9705		9439	1				CheckPartnerCardTip|23		【门客】岳飞						
9856		2796	1	OpenDay89					黄金图谱（帽子）						
9856		2797	1	OpenDay89					黄金图谱（腰带）						
9856		2798	1	OpenLevel129Add30					黄金图谱（护腕）						
9856		2799	1	OpenLevel139Add30					黄金图谱（鞋子）						
10237		10144	1						【门客】鬼谷子						
10237		10145	1						【门客】项羽						
10237		10146	1						【门客】秦始皇						
10237		10147	1						【门客】完颜洪烈						
10237		10148	1						【门客】武则天						
10439		6149	1					1	任脉·曲骨通穴秘卷						
10439		6150	1	OpenLevel89				1	督脉·长强通穴秘卷						
10439		6276	1	OpenLevel99				1	冲脉·幽门通穴秘卷						
10439		6277	1	OpenLevel109				1	阳跷脉·睛明通穴秘卷						
10439		6278	1	OpenLevel119				1	阴跷脉·睛明通穴秘卷						
10439		6279	1	OpenLevel129					阳维脉·金门通穴秘卷
10489		10170	1	OpenLevel119				1	初级魂石·叶无心（唯一）碎片						
10489		10478	1	OpenLevel129				1	初级魂石·云浩然（唯一）碎片						
10589		10586	1						【卓越】绝学断篇·踏雪寻梅						
10589		10587	1						【卓越】绝学断篇·云雾敛						
10589		10588	1						【卓越】绝学断篇·惊涛拍岸						
10589		11723	1	OpenLevel129Add45					【卓越】绝学断篇·握风捕影
10635		3544	1						秦始皇·泰阿剑						
10635		4057	1	OpenDay279					完颜洪烈·金龙御鹰手						
10635		3543	1	OpenDay353					项羽·霸王戟						
10635		3545	1	OpenLevel129Add10					武则天·明空栖凤指						
10635		3542	1	OpenLevel139					鬼谷子·铁力木杖						
10738		2591	1						八宝粽						
10738		8251	1						彩缕碧筠粽						
10738		2876	1						月满西楼						
10738		2877	1						彩云追月						
10738		9570	1						簪星曳月						
10738		6444	1						千里月明						
10777		10778	1						<寒霜倩影>坐骑时装						
10777		7291	1						<炽影>坐骑时装						
10777		8283	1						<血瞳·月绝>坐骑时装						
10777		10780	1						<血瞳·清穹>坐骑时装						
10777		10199	1						<汉月碎银>坐骑时装						
10777		10260	1						<炽羽灼心>坐骑时装						
10777		10533	1						<凛冬咆哮>坐骑时装						
10883		10850	1				CheckPartnerCardTip|24		【门客】月眉儿						
10883		10851	1				CheckPartnerCardTip|25		【门客】杨瑛						
10883		10852	1				CheckPartnerCardTip|26		【门客】祝子虚						
10883		10853	1				CheckPartnerCardTip|27		【门客】清晓师太						
10883		10854	1				CheckPartnerCardTip|28		【门客】黄暮云						
10883		10855	1				CheckPartnerCardTip|29		【门客】道一真人						
10883		10856	1				CheckPartnerCardTip|30		【门客】端木睿						
10883		10857	1				CheckPartnerCardTip|39		【门客】孟知秋						
10883		10858	1				CheckPartnerCardTip|40		【门客】高长恭						
10883		10859	1				CheckPartnerCardTip|41		【门客】哲别						
10883		10860	1				CheckPartnerCardTip|42		【门客】秦良玉						
10883		10861	1				CheckPartnerCardTip|43		【门客】袁承志						
10883		10862	1				CheckPartnerCardTip|44		【门客】鳌拜						
10883		10863	1				CheckPartnerCardTip|45		【门客】韩世忠						
10883		10864	1				CheckPartnerCardTip|46		【门客】冰鳞蜥皇						
10883		10865	1				CheckPartnerCardTip|47		【门客】银钩蝎皇						
10883		10866	1				CheckPartnerCardTip|48		【门客】狂鬃獒皇						
10883		10867	1				CheckPartnerCardTip|49		【门客】赤睛虎皇						
10883		10868	1				CheckPartnerCardTip|50		【门客】撼天熊皇						
10883		10869	1				CheckPartnerCardTip|51		【门客】紫背鳄皇						
10883		10870	1				CheckPartnerCardTip|52		【门客】定海金刚						
10883		10871	1				CheckPartnerCardTip|53		【门客】金翅鹏皇						
10883		10872	1				CheckPartnerCardTip|54		【门客】银角犀皇						
10883		10873	1				CheckPartnerCardTip|55		【门客】张风						
10883		10874	1				CheckPartnerCardTip|56		【门客】南宫灭						
10883		10875	1				CheckPartnerCardTip|57		【门客】方勉						
10883		10876	1				CheckPartnerCardTip|58		【门客】唐影						
10883		10877	1				CheckPartnerCardTip|59		【门客】秋依水						
10883		10878	1				CheckPartnerCardTip|60		【门客】天星道长						
10883		10879	1				CheckPartnerCardTip|61		【门客】燕若雪						
10883		10880	1				CheckPartnerCardTip|62		【门客】杨熙烈						
10883		10881	1				CheckPartnerCardTip|63		【门客】上官飞龙						
10883		10882	1				CheckPartnerCardTip|64		【门客】纳兰潜凛						
10910		6149	1	OpenLevel79				1	任脉·曲骨通穴秘卷						
10910		6150	1	OpenLevel89				1	督脉·长强通穴秘卷						
10910		6276	1	OpenLevel99				1	冲脉·幽门通穴秘卷						
10910		6277	1	OpenLevel109				1	阳跷脉·睛明通穴秘卷						
10910		6278	1	OpenLevel119				1	阴跷脉·公孙通穴秘卷						
10910		6279	1	OpenLevel129				1	阳维脉·金门通穴秘卷						
10911		7913	1	OpenLevel109					易骨经·卷二						
10911		7912	1	OpenLevel109					易骨经·卷一						
10911		7914	1	OpenLevel139					易骨经·卷三						
10911		7915	1	OpenLevel149					易骨经·卷四						
10971		6867	1						浮光若梦豪华宝箱						
10971		6868	1						邪魅狷狂豪华宝箱						
10971		7068	1						丝路流纱豪华宝箱						
10971		8521	1						盛夏风情豪华宝箱						
10971		10135	1						秋叶流歌豪华宝箱						
10971		10251	1						缀芳沐雪豪华宝箱						
10971		10602	1						翩燕流云豪华宝箱						
10972		9492	1						T1背部挂件（灵犬行箧）						
10972		9493	1						T2背部挂件（玉兔行箧）						
10972		10185	1						T3背部挂件（绒雪礼袜）						
10972		10239	1						T4背部挂件（新年金猪）						
10993		6466	1					1	2000真气						
10993		6665	1					1	2000元气						
10993		10995	1					1	2000贡献						
11065		10170	1	OpenLevel119				1	初级魂石·叶无心（唯一）碎片						
11065		10478	1	OpenLevel129				1	初级魂石·云浩然（唯一）碎片						
11065		11064	1	OpenDay492				1	初级魂石·本相（唯一）碎片						
11305		9450	1						头像框·金风玉露一相逢						
11305		6445	1						头像框·荷塘月色						
11305		6005	1						头像框·夏树苍翠						
11305		9938	1						头像框·镶金连叶摘						
11305		10255	1						头像框·繁荣兴旺						
11305		3699	1						头像框·如意吉祥						
11699		10170	1	OpenLevel119				1	初级魂石·叶无心（唯一）碎片
11699		10478	1	OpenLevel129				1	初级魂石·云浩然（唯一）碎片
11699		11064	1	OpenDay492				1	初级魂石·本相（唯一）碎片
11699		11698	1	OpenLevel139Add86				1	初级魂石·张承素（唯一）碎片
11779		10257	1						小捌
11779		11272	1						小白兔
11779		11777	1						小白犬
11779		11778	1						小黑猫
11780		11781	1						头像框·夏树苍翠
11780		11782	1						头像框·荷塘月色
11780		11783	1						头像框·泛舟江湖情人结
11780		11784	1						头像框·金风玉露一相逢
11780		11785	1						头像框·镶金连叶摘
11780		11786	1						头像框·冬日寄情
11780		11787	1						头像框·繁荣兴旺
11780		11788	1						头像框·叠翠流金
11890		11882	1				CheckPortraitTip|207|208		佳人绘卷
11890		11883	1				CheckPortraitTip|73|130		元宵人物绘卷
11890		11884	1				CheckPortraitTip|75|135		元宵人物绘卷
11890		11885	1				CheckPortraitTip|74		女神绘卷
11890		11886	1				CheckPortraitTip|76|136		情人节人物绘卷
11890		11887	1				CheckPortraitTip|231|230		水龙吟人物绘卷
11890		11888	1				CheckPortraitTip|77|137		七夕人物绘卷
11890		11889	1				CheckPortraitTip|79|139		翩燕人物绘卷
12024		10170	1	OpenLevel119				1	初级魂石·叶无心（唯一）碎片
12024		10478	1	OpenLevel129				1	初级魂石·云浩然（唯一）碎片
12024		11064	1	OpenDay492				1	初级魂石·本相（唯一）碎片
12024		11698	1	OpenLevel139Add86				1	初级魂石·张承素（唯一）碎片
12024		12023	1	OpenLevel149Add65				1	初级魂石·杨继周（唯一）碎片
10007		3543	1						SSS同伴武器						
10007		3544	1						SSS同伴武器						
10007		4057	1						SSS同伴武器						
10007		3545	1						SSS同伴武器						
998000		3543	1						项羽·霸王戟						
998000		3544	1						秦始皇·泰阿剑						
998000		4057	1						完颜洪烈·金龙御鹰手						
998000		3545	1						武则天·明空栖凤指						
998083		7420	1						洗髓经任选礼盒						
998083		3238	1						江翻海沸诀要						
998083		2877	1						彩云追月						
998083		6444	1						千里月明						
998090		995310	2						兑换卡-和氏璧						
998090		995305	2						兑换卡-传说令						
998090		995306	2						兑换卡-帝皇令						
998090		995311	2						兑换卡-马牌						
994297		994298	1						名将令500个						
994297		994299	1						涿鹿令300个						
994297		994300	1						帝皇令150个						
994297		994301	1						和氏璧500个						
994297		994302	1						三阶随机马具箱子100个						
994311		994307	1						名将令60个						
994311		994308	1						涿鹿令50个						
994311		994309	1						帝皇令20个						
994311		994310	1						传说令2个						
994312		994303	1						和氏璧50个						
994312		994304	1						三阶随机马具箱子30个						
994312		994305	1						马牌1000个						
994312		994306	1						青铜大鼎2000个						
994313		994314	1						真气丹·小500个						
994313		994315	1						元气瓶中88个						
994313		994316	1						十亿经验书10个						
994313		2400	1						乌云踏雪						
994320		994312	1						真气丹·小500个						
994320		994311	1						元气瓶中88个						
994320		994321	1						四维任选任选箱*2						
995270		230	1						宝石任选礼包
995270		240	1						宝石任选礼包
995270		250	1						宝石任选礼包
995270		260	1						宝石任选礼包
995270		270	1						宝石任选礼包
995270		280	1						宝石任选礼包
995270		290	1						宝石任选礼包
995270		300	1						宝石任选礼包
995270		310	1						宝石任选礼包
995270		320	1						宝石任选礼包
998103		995310	2						兑换卡-和氏璧						
998103		995305	2						兑换卡-传说令						
998103		995306	2						兑换卡-帝皇令						
998103		995307	2						兑换卡-逐鹿令						
993072		995402	1						如意兑换卡-转生果						
993072		995403	1						如意兑换卡-和氏璧						
993072		995305	1	OpenLevel99					兑换卡-传说令						
993072		995306	1	OpenLevel89					兑换卡-帝皇令						
993072		995307	1	OpenLevel79					兑换卡-逐鹿令						
993072		995308	1	OpenLevel69					兑换卡-名将令						
993072		995309	1	OpenLevel39					兑换卡-盟主令						
993072		995371	1						兑换卡-山贼信物						
993072		995372	1						兑换卡-战场信物						
993072		995373	1						兑换卡-杀手信物						
993072		995374	1						兑换卡-家族信物						
993072		995375	1						兑换卡-惩恶信物						
993072		995404	1						如意兑换卡-金蛋						
993072		995405	1						如意兑换卡-银蛋						
993072		995406	1						如意兑换卡-门票						
993073		995389	1						兑换卡-VIP经验			1			
993073		995390	1						兑换卡-黎饰礼盒			1			
993073		995391	1						兑换卡-元宝礼盒			1			
993073		995392	1						兑换卡-帮贡礼盒			1			
993073		995393	1						兑换卡-SSS级同伴			1			
993073		995394	1						兑换卡-5级附魔石			1			
993073		995395	1						兑换卡-幸运宝箱			1			
993073		995396	1						兑换卡-宝石箱子			1			
993073		995397	1						兑换卡-潮流超级礼盒			1			
993073		995398	1						兑换卡-贪玩超级礼盒 			1			
993073		995399	1						兑换卡-神之墓地门票			1			
993073		995400	1						兑换卡-随侯珠			1			
993073		995401	1						兑换卡-钛金礼盒			1			
993073		995310	1						兑换卡-和氏璧						
993073		995318	1						兑换卡-转生果						
