TemplateId	Name	Kind	ItemType	Icon	BigIcon	CDType	ClassName	DetailType	Intro	ItemValue	Level	ObjID	Price	Quality	RequireLevel	Sellable	Stack	ExtParam1	ExtParam2	ExtParam3	ExtParam4	ExtParam5	ExtParam6	ExtParam7	ExtParam8	ExtParam9	ExtParam10	ShowType
4058	松木床	Furniture_chuang_1	34	4058	4058		FurnitureItem	999	松木制成的床，纹理天然美观，经久耐用，物美而价廉\n\n[FFFE0D]摆放后，可以点击进行使用[-]	600000	1	1	1000	2	1	1	99999	1										
4059	桦木床	Furniture_chuang_2	34	4059	4059		FurnitureItem	999	桦木制成的床，床头系有红结，象征幸福平安\n\n[FFFE0D]摆放后，可以点击进行使用[-]	1500000	1	1	1000	3	1	1	99999	2										
4060	江枫渔火	Furniture_chuang_3	34	4060	4060		FurnitureItem	999	以枫叶之色装饰而成的大床，床头挂以长明灯，祈求夜夜团圆\n\n[FFFE0D]摆放后，可以点击进行使用[-]	3000000	1	1	1000	4	1	1	99999	3										
4061	红鸾栖枝	Furniture_chuang_4	34	4061	4061		FurnitureItem	999	朱红色的大床，床头配以绘有连理枝的画扇，寓意长相厮守\n\n[FFFE0D]摆放后，可以点击进行使用[-]	8000000	1	1	1000	5	1	1	99999	4										
4062	金龙戏珠	Furniture_chuang_5	34	4062	4062		FurnitureItem	999	散发出阵阵清香的厚重木床，以黄金铸成双龙作为装饰，极尽奢华。「红鲤戏明珠，金龙游天云」\n\n[FFFE0D]摆放后，可以点击进行使用[-]	16000000	1	1	1000	6	1	1	99999	5										
10784	罗帐飞阁	Furniture_chuang_6	34	50069	50069		FurnitureItem	999	上等黄花梨木为材料，漆以北海碧胶漆，头尾栏杆弧形上扬，交结为穹顶，有巍阁之势。置身其中，更胜漫步幽林\n\n[FFFE0D]摆放后，可以点击进行使用[-]	32000000	1	1	1000	6	1	1	99999	6										
10785	有凤来仪	Furniture_chuang_7	34	50070	50070		FurnitureItem	999	整块绝品金丝楠木雕成，床头处更有上等和田玉刻而成的双凤盘桓而下。「有凤来仪，箫韶九成」\n\n[FFFE0D]摆放后，可以点击进行使用[-]	64000000	1	1	1000	7	1	1	99999	7										
4063	松木橱柜	Furniture_guizi_1	34	4063	4063		FurnitureItem	999	松木制成的橱柜，纹理天然美观，经久耐用，物美而价廉\n\n[FFFE0D]摆放后，可以点击进行使用[-]	300000	1	1	1000	2	1	1	99999	501										
4064	桦木橱柜	Furniture_guizi_2	34	4064	4064		FurnitureItem	999	桦木制成的橱柜，色泽较深，看上去厚重沉稳，坚固牢靠\n\n[FFFE0D]摆放后，可以点击进行使用[-]	750000	1	1	1000	3	1	1	99999	502										
4065	墨香橱柜	Furniture_guizi_3	34	4065	4065		FurnitureItem	999	以墨蓝色清漆均匀上色的橱柜，隐隐渗出一股淡淡的墨香\n\n[FFFE0D]摆放后，可以点击进行使用[-]	1500000	1	1	1000	4	1	1	99999	503										
4066	幻彩流光橱柜	Furniture_guizi_4	34	4066	4066		FurnitureItem	999	色泽多变明亮的橱柜，光华流转，置身其中，恍如误入仙境\n\n[FFFE0D]摆放后，可以点击进行使用[-]	3000000	1	1	1000	5	1	1	99999	504										
4068	紫檀鎏金橱柜	Furniture_guizi_5	34	4068	4068		FurnitureItem	999	以上等紫檀木制成的橱柜，以黄金描边，高贵大气之余不显粗俗，多为大户人家所用\n\n[FFFE0D]摆放后，可以点击进行使用[-]	6000000	1	1	1000	6	1	1	99999	505										
10786	墨绿镶金橱柜	Furniture_guizi_31	34	50071	50071		FurnitureItem	999	以罕见的上品黄花梨木制成的橱柜，木材榫合处皆镶以黄金，工艺精湛，浑然天成\n\n[FFFE0D]摆放后，可以点击进行使用[-]	12000000	1	1	1000	6	1	1	99999	531										
10787	绛红雕金橱柜	Furniture_guizi_32	34	50072	50072		FurnitureItem	999	绝品金丝楠木与数百块黄金交错打造而成的橱柜，黄金处更由当世第一金匠手工雕刻，木料黄金相得益彰，让人叹为观止\n\n[FFFE0D]摆放后，可以点击进行使用[-]	24000000	1	1	1000	7	1	1	99999	532										
4067	松木书架	Furniture_guizi_6	34	4067	4067		FurnitureItem	999	松木制成的书架，纹理天然美观，经久耐用，物美而价廉	300000	1	1	1000	2	1	1	99999	506										
4069	桦木书架	Furniture_guizi_7	34	4069	4069		FurnitureItem	999	桦木制成的书架，色泽较深，看上去厚重沉稳，坚固牢靠	750000	1	1	1000	3	1	1	99999	507										
4070	墨香书架	Furniture_guizi_8	34	4070	4070		FurnitureItem	999	以墨蓝色清漆均匀上色的书架，隐隐渗出一股淡淡的墨香	1500000	1	1	1000	4	1	1	99999	508										
4071	幻彩流光书架	Furniture_guizi_9	34	4071	4071		FurnitureItem	999	色泽多变明亮的书架，光华流转，置身其中，恍如误入仙境	3000000	1	1	1000	5	1	1	99999	509										
4072	紫檀鎏金书架	Furniture_guizi_10	34	4072	4072		FurnitureItem	999	以上等紫檀木制成的书架，以黄金描边，高贵大气之余不显粗俗，多为大户人家所用	6000000	1	1	1000	6	1	1	99999	510										
10788	墨绿镶金书架	Furniture_guizi_33	34	50073	50073		FurnitureItem	999	以罕见的上品黄花梨木制成的书架，木材榫合处皆镶以黄金，工艺精湛，浑然天成	12000000	1	1	1000	6	1	1	99999	533										
10789	绛红雕金书架	Furniture_guizi_34	34	50074	50074		FurnitureItem	999	绝品金丝楠木与数百块黄金交错打造而成的书架，黄金处更由当世第一金匠手工雕刻，木料黄金相得益彰，让人叹为观止	24000000	1	1	1000	7	1	1	99999	534										
4073	松木博古架	Furniture_guizi_11	34	4073	4073		FurnitureItem	999	松木制成的博古架，纹理天然美观，经久耐用，物美而价廉	300000	1	1	1000	2	1	1	99999	511										
4074	桦木博古架	Furniture_guizi_12	34	4074	4074		FurnitureItem	999	桦木制成的博古架，色泽较深，看上去厚重沉稳，坚固牢靠	750000	1	1	1000	3	1	1	99999	512										
4075	墨香博古架	Furniture_guizi_13	34	4075	4075		FurnitureItem	999	以墨蓝色清漆均匀上色的博古架，隐隐渗出一股淡淡的墨香	1500000	1	1	1000	4	1	1	99999	513										
4076	幻彩流光博古架	Furniture_guizi_14	34	4076	4076		FurnitureItem	999	色泽多变明亮的博古架，光华流转，置身其中，恍如误入仙境	3000000	1	1	1000	5	1	1	99999	514										
4077	紫檀鎏金博古架	Furniture_guizi_15	34	4077	4077		FurnitureItem	999	以上等紫檀木制成的博古架，以黄金描边，高贵大气之余不显粗俗，多为大户人家所用	6000000	1	1	1000	6	1	1	99999	515										
10790	墨绿镶金博古架	Furniture_guizi_35	34	50075	50075		FurnitureItem	999	以罕见的上品黄花梨木制成的博古架，木材榫合处皆镶以黄金，工艺精湛，浑然天成	12000000	1	1	1000	6	1	1	99999	535										
10791	绛红雕金博古架	Furniture_guizi_36	34	50076	50076		FurnitureItem	999	绝品金丝楠木与数百块黄金交错打造而成的博古架，黄金处更由当世第一金匠手工雕刻，木料黄金相得益彰，让人叹为观止	24000000	1	1	1000	7	1	1	99999	536										
4078	松木杂物架	Furniture_guizi_16	34	4078	4078		FurnitureItem	999	松木制成的杂物架，纹理天然美观，经久耐用，物美而价廉	300000	1	1	1000	2	1	1	99999	516										
4079	桦木杂物架	Furniture_guizi_17	34	4079	4079		FurnitureItem	999	桦木制成的杂物架，色泽较深，看上去厚重沉稳，坚固牢靠	750000	1	1	1000	3	1	1	99999	517										
4080	墨香杂物架	Furniture_guizi_18	34	4080	4080		FurnitureItem	999	以墨蓝色清漆均匀上色的杂物架，隐隐渗出一股淡淡的墨香	1500000	1	1	1000	4	1	1	99999	518										
4081	幻彩流光杂物架	Furniture_guizi_19	34	4081	4081		FurnitureItem	999	色泽多变明亮的杂物架，光华流转，置身其中，恍如误入仙境	3000000	1	1	1000	5	1	1	99999	519										
4082	紫檀鎏金杂物架	Furniture_guizi_20	34	4082	4082		FurnitureItem	999	以上等紫檀木制成的杂物架，以黄金描边，高贵大气之余不显粗俗，多为大户人家所用	6000000	1	1	1000	6	1	1	99999	520										
10792	墨绿镶金杂物架	Furniture_guizi_37	34	50077	50077		FurnitureItem	999	以罕见的上品黄花梨木制成的杂物架，木材榫合处皆镶以黄金，工艺精湛，浑然天成	12000000	1	1	1000	6	1	1	99999	537										
10793	绛红雕金杂物架	Furniture_guizi_38	34	50078	50078		FurnitureItem	999	绝品金丝楠木与数百块黄金交错打造而成的杂物架，黄金处更由当世第一金匠手工雕刻，木料黄金相得益彰，让人叹为观止	24000000	1	1	1000	7	1	1	99999	538										
4083	松木多宝格	Furniture_guizi_21	34	4083	4083		FurnitureItem	999	松木制成的多宝格，纹理天然美观，经久耐用，物美而价廉	300000	1	1	1000	2	1	1	99999	521										
4084	桦木多宝格	Furniture_guizi_22	34	4084	4084		FurnitureItem	999	桦木制成的多宝格，色泽较深，看上去厚重沉稳，坚固牢靠	750000	1	1	1000	3	1	1	99999	522										
4085	墨香多宝格	Furniture_guizi_23	34	4085	4085		FurnitureItem	999	以墨蓝色清漆均匀上色的多宝格，隐隐渗出一股淡淡的墨香	1500000	1	1	1000	4	1	1	99999	523										
4086	幻彩流光多宝格	Furniture_guizi_24	34	4086	4086		FurnitureItem	999	色泽多变明亮的多宝格，光华流转，置身其中，恍如误入仙境	3000000	1	1	1000	5	1	1	99999	524										
4087	紫檀鎏金多宝格	Furniture_guizi_25	34	4087	4087		FurnitureItem	999	以上等紫檀木制成的多宝格，以黄金描边，高贵大气之余不显粗俗，多为大户人家所用	6000000	1	1	1000	6	1	1	99999	525										
10794	墨绿镶金多宝格	Furniture_guizi_39	34	50079	50079		FurnitureItem	999	以罕见的上品黄花梨木制成的多宝格，木材榫合处皆镶以黄金，工艺精湛，浑然天成	12000000	1	1	1000	6	1	1	99999	539										
10795	绛红雕金多宝格	Furniture_guizi_40	34	50080	50080		FurnitureItem	999	绝品金丝楠木与数百块黄金交错打造而成的多宝格，黄金处更由当世第一金匠手工雕刻，木料黄金相得益彰，让人叹为观止	24000000	1	1	1000	7	1	1	99999	540										
4088	松木小方柜	Furniture_guizi_26	34	4088	4088		FurnitureItem	999	松木制成的小方柜，纹理天然美观，经久耐用，物美而价廉	300000	1	1	1000	2	1	1	99999	526										
4089	桦木小方柜	Furniture_guizi_27	34	4089	4089		FurnitureItem	999	桦木制成的小方柜，色泽较深，看上去厚重沉稳，坚固牢靠	750000	1	1	1000	3	1	1	99999	527										
4090	墨香小方柜	Furniture_guizi_28	34	4090	4090		FurnitureItem	999	以墨蓝色清漆均匀上色的小方柜，隐隐渗出一股淡淡的墨香	1500000	1	1	1000	4	1	1	99999	528										
4091	幻彩流光小方柜	Furniture_guizi_29	34	4091	4091		FurnitureItem	999	色泽多变明亮的小方柜，光华流转，置身其中，恍如误入仙境	3000000	1	1	1000	5	1	1	99999	529										
4092	紫檀鎏金小方柜	Furniture_guizi_30	34	4092	4092		FurnitureItem	999	以上等紫檀木制成的小方柜，以黄金描边，高贵大气之余不显粗俗，多为大户人家所用	6000000	1	1	1000	6	1	1	99999	530										
10796	墨绿镶金小方柜	Furniture_guizi_41	34	50081	50081		FurnitureItem	999	以罕见的上品黄花梨木制成的小方柜，木材榫合处皆镶以黄金，工艺精湛，浑然天成	12000000	1	1	1000	6	1	1	99999	541										
10797	绛红雕金小方柜	Furniture_guizi_42	34	50082	50082		FurnitureItem	999	绝品金丝楠木与数百块黄金交错打造而成的小方柜，黄金处更由当世第一金匠手工雕刻，木料黄金相得益彰，让人叹为观止	24000000	1	1	1000	7	1	1	99999	542										
4093	松木方桌	Furniture_zhuozi_1	34	4093	4093		FurnitureItem	999	松木制成的方桌，纹理天然美观，经久耐用，物美而价廉	300000	1	1	1000	2	1	1	99999	1001										
4094	桦木方桌	Furniture_zhuozi_2	34	4094	4094		FurnitureItem	999	桦木制成的方桌，色泽较深，看上去厚重沉稳，坚固牢靠	750000	1	1	1000	3	1	1	99999	1002										
4095	墨香圆桌	Furniture_zhuozi_3	34	4095	4095		FurnitureItem	999	以墨蓝色清漆均匀上色的圆桌，隐隐渗出一股淡淡的墨香	1500000	1	1	1000	4	1	1	99999	1003										
4096	幻彩流光圆桌	Furniture_zhuozi_4	34	4096	4096		FurnitureItem	999	色泽多变明亮的圆桌，光华流转，置身其中，恍如误入仙境	3000000	1	1	1000	5	1	1	99999	1004										
4097	紫檀鎏金圆桌	Furniture_zhuozi_5	34	4097	4097		FurnitureItem	999	以上等紫檀木制成的圆桌，以黄金描边，高贵大气之余不显粗俗，多为大户人家所用	6000000	1	1	1000	6	1	1	99999	1005										
10798	墨绿镶金圆桌	Furniture_zhuozi_31	34	50083	50083		FurnitureItem	999	以罕见的上品黄花梨木制成的圆桌，木材榫合处皆镶以黄金，工艺精湛，浑然天成	12000000	1	1	1000	6	1	1	99999	1031										
10799	绛红雕金圆桌	Furniture_zhuozi_32	34	50084	50084		FurnitureItem	999	绝品金丝楠木与数百块黄金交错打造而成的圆桌，黄金处更由当世第一金匠手工雕刻，木料黄金相得益彰，让人叹为观止	24000000	1	1	1000	7	1	1	99999	1032										
4098	松木案	Furniture_zhuozi_6	34	4098	4098		FurnitureItem	999	松木制成的木案，纹理天然美观，经久耐用，物美而价廉	300000	1	1	1000	2	1	1	99999	1006										
4099	桦木案	Furniture_zhuozi_7	34	4099	4099		FurnitureItem	999	桦木制成的木案，色泽较深，看上去厚重沉稳，坚固牢靠	750000	1	1	1000	3	1	1	99999	1007										
4100	墨香案	Furniture_zhuozi_8	34	4100	4100		FurnitureItem	999	以墨蓝色清漆均匀上色的木案，隐隐渗出一股淡淡的墨香	1500000	1	1	1000	4	1	1	99999	1008										
4101	幻彩流光案	Furniture_zhuozi_9	34	4101	4101		FurnitureItem	999	色泽多变明亮的木案，光华流转，置身其中，恍如误入仙境	3000000	1	1	1000	5	1	1	99999	1009										
4102	紫檀鎏金案	Furniture_zhuozi_10	34	4102	4102		FurnitureItem	999	以上等紫檀木制成的木案，以黄金描边，高贵大气之余不显粗俗，多为大户人家所用	6000000	1	1	1000	6	1	1	99999	1010										
10800	墨绿镶金案	Furniture_zhuozi_33	34	50085	50085		FurnitureItem	999	以罕见的上品黄花梨木制成的木案，木材榫合处皆镶以黄金，工艺精湛，浑然天成	12000000	1	1	1000	6	1	1	99999	1033										
10801	绛红雕金案	Furniture_zhuozi_34	34	50086	50086		FurnitureItem	999	绝品金丝楠木与数百块黄金交错打造而成的木案，黄金处更由当世第一金匠手工雕刻，木料黄金相得益彰，让人叹为观止	24000000	1	1	1000	7	1	1	99999	1034										
4103	松木方案	Furniture_zhuozi_11	34	4103	4103		FurnitureItem	999	松木制成的方案，纹理天然美观，经久耐用，物美而价廉	300000	1	1	1000	2	1	1	99999	1011										
4104	桦木方案	Furniture_zhuozi_12	34	4104	4104		FurnitureItem	999	桦木制成的方案，色泽较深，看上去厚重沉稳，坚固牢靠	750000	1	1	1000	3	1	1	99999	1012										
4105	墨香方案	Furniture_zhuozi_13	34	4105	4105		FurnitureItem	999	以墨蓝色清漆均匀上色的方案，隐隐渗出一股淡淡的墨香	1500000	1	1	1000	4	1	1	99999	1013										
4106	幻彩流光方案	Furniture_zhuozi_14	34	4106	4106		FurnitureItem	999	色泽多变明亮的方案，光华流转，置身其中，恍如误入仙境	3000000	1	1	1000	5	1	1	99999	1014										
4107	紫檀鎏金方案	Furniture_zhuozi_15	34	4107	4107		FurnitureItem	999	以上等紫檀木制成的方案，以黄金描边，高贵大气之余不显粗俗，多为大户人家所用	6000000	1	1	1000	6	1	1	99999	1015										
10802	墨绿镶金方案	Furniture_zhuozi_35	34	50087	50087		FurnitureItem	999	以罕见的上品黄花梨木制成的方案，木材榫合处皆镶以黄金，工艺精湛，浑然天成	12000000	1	1	1000	6	1	1	99999	1035										
10803	绛红雕金方案	Furniture_zhuozi_36	34	50088	50088		FurnitureItem	999	绝品金丝楠木与数百块黄金交错打造而成的方案，黄金处更由当世第一金匠手工雕刻，木料黄金相得益彰，让人叹为观止	24000000	1	1	1000	7	1	1	99999	1036										
4108	松木翘头案	Furniture_zhuozi_16	34	4108	4108		FurnitureItem	999	松木制成的翘头案，纹理天然美观，经久耐用，物美而价廉	300000	1	1	1000	2	1	1	99999	1016										
4109	桦木翘头案	Furniture_zhuozi_17	34	4109	4109		FurnitureItem	999	桦木制成的翘头案，色泽较深，看上去厚重沉稳，坚固牢靠	750000	1	1	1000	3	1	1	99999	1017										
4110	墨香翘头案	Furniture_zhuozi_18	34	4110	4110		FurnitureItem	999	以墨蓝色清漆均匀上色的翘头案，隐隐渗出一股淡淡的墨香	1500000	1	1	1000	4	1	1	99999	1018										
4111	幻彩流光翘头案	Furniture_zhuozi_19	34	4111	4111		FurnitureItem	999	色泽多变明亮的翘头案，光华流转，置身其中，恍如误入仙境	3000000	1	1	1000	5	1	1	99999	1019										
4112	紫檀鎏金翘头案	Furniture_zhuozi_20	34	4112	4112		FurnitureItem	999	以上等紫檀木制成的翘头案，以黄金描边，高贵大气之余不显粗俗，多为大户人家所用	6000000	1	1	1000	6	1	1	99999	1020										
10804	墨绿镶金翘头案	Furniture_zhuozi_37	34	50089	50089		FurnitureItem	999	以罕见的上品黄花梨木制成的翘头案，木材榫合处皆镶以黄金，工艺精湛，浑然天成	12000000	1	1	1000	6	1	1	99999	1037										
10805	绛红雕金翘头案	Furniture_zhuozi_38	34	50090	50090		FurnitureItem	999	绝品金丝楠木与数百块黄金交错打造而成的翘头案，黄金处更由当世第一金匠手工雕刻，木料黄金相得益彰，让人叹为观止	24000000	1	1	1000	7	1	1	99999	1038										
4113	松木盆景架	Furniture_zhuozi_21	34	4113	4113		FurnitureItem	999	松木制成的盆景架，纹理天然美观，经久耐用，物美而价廉	300000	1	1	1000	2	1	1	99999	1021										
4114	桦木盆景架	Furniture_zhuozi_22	34	4114	4114		FurnitureItem	999	桦木制成的盆景架，色泽较深，看上去厚重沉稳，坚固牢靠	750000	1	1	1000	3	1	1	99999	1022										
4115	墨香盆景架	Furniture_zhuozi_23	34	4115	4115		FurnitureItem	999	以墨蓝色清漆均匀上色的盆景架，隐隐渗出一股淡淡的墨香	1500000	1	1	1000	4	1	1	99999	1023										
4116	幻彩流光盆景架	Furniture_zhuozi_24	34	4116	4116		FurnitureItem	999	色泽多变明亮的盆景架，光华流转，置身其中，恍如误入仙境	3000000	1	1	1000	5	1	1	99999	1024										
4117	紫檀鎏金盆景架	Furniture_zhuozi_25	34	4117	4117		FurnitureItem	999	以上等紫檀木制成的盆景架，以黄金描边，高贵大气之余不显粗俗，多为大户人家所用	6000000	1	1	1000	6	1	1	99999	1025										
10806	墨绿镶金盆景架	Furniture_zhuozi_39	34	50091	50091		FurnitureItem	999	以罕见的上品黄花梨木制成的盆景架，木材榫合处皆镶以黄金，工艺精湛，浑然天成	12000000	1	1	1000	6	1	1	99999	1039										
4118	松木棋盘	Furniture_zhuozi_26	34	4118	4118		FurnitureItem	999	松木制成的棋盘，纹理天然美观，经久耐用，物美而价廉	300000	1	1	1000	2	1	1	99999	1026										
4119	桦木棋盘	Furniture_zhuozi_27	34	4119	4119		FurnitureItem	999	桦木制成的棋盘，色泽较深，看上去厚重沉稳，坚固牢靠	750000	1	1	1000	3	1	1	99999	1027										
4120	墨香棋盘	Furniture_zhuozi_28	34	4120	4120		FurnitureItem	999	以墨蓝色清漆均匀上色的棋盘，隐隐渗出一股淡淡的墨香	1500000	1	1	1000	4	1	1	99999	1028										
4121	幻彩流光棋盘	Furniture_zhuozi_29	34	4121	4121		FurnitureItem	999	色泽多变明亮的棋盘，光华流转，置身其中，恍如误入仙境	3000000	1	1	1000	5	1	1	99999	1029										
4122	紫檀鎏金棋盘	Furniture_zhuozi_30	34	4122	4122		FurnitureItem	999	以上等紫檀木制成的棋盘，以黄金描边，高贵大气之余不显粗俗，多为大户人家所用	6000000	1	1	1000	6	1	1	99999	1030										
10807	墨绿镶金棋盘	Furniture_zhuozi_40	34	50092	50092		FurnitureItem	999	以罕见的上品黄花梨木制成的棋盘，木材榫合处皆镶以黄金，工艺精湛，浑然天成	12000000	1	1	1000	6	1	1	99999	1040										
10808	绛红雕金棋盘	Furniture_zhuozi_41	34	50093	50093		FurnitureItem	999	绝品金丝楠木与数百块黄金交错打造而成的棋盘，黄金处更由当世第一金匠手工雕刻，木料黄金相得益彰，让人叹为观止	24000000	1	1	1000	7	1	1	99999	1041										
4123	稻禾蒲团	Furniture_yizi_1	34	4123	4123		FurnitureItem	999	以稻禾糅合而成的蒲团，表面较为粗糙，多为普通人家使用	100000	1	1	1000	2	1	1	99999	1501										
4124	笋壳蒲团	Furniture_yizi_2	34	4124	4124		FurnitureItem	999	以笋壳填充，面料缝制而成的蒲团，尚算舒适且价格较为低廉	250000	1	1	1000	3	1	1	99999	1502										
4125	紫罗兰	Furniture_yizi_3	34	4125	4125		FurnitureItem	999	以淡紫色中等布料缝制而成，上有简单刺绣，质地较软，已臻至佳品之列	500000	1	1	1000	4	1	1	99999	1503										
4126	冷玉琅缳	Furniture_yizi_4	34	4126	4126		FurnitureItem	999	以杏黄色上等布料缝制而成，以金丝绣成玉佩之形，织工精细，已属上品	1000000	1	1	1000	5	1	1	99999	1504										
4127	紫玉成烟	Furniture_yizi_5	34	4127	4127		FurnitureItem	999	以绛紫色宫廷布料缝制而成，柔软舒适，如坐云端，辅以描金云纹，高贵典雅	2000000	1	1	1000	6	1	1	99999	1505										
10809	交十叠翠	Furniture_yizi_19	34	50094	50094		FurnitureItem	999	绣金色与淡绿色绫鸾锦缎交十织成，其上再叠暖垫，层次分明，造型雅致，已是极为难得之物	4000000	1	1	1000	6	1	1	99999	1519										
10810	金风玉露	Furniture_yizi_20	34	50095	50095		FurnitureItem	999	主体用宝相绣金丝缕以穿云织针织成，云纹绣于垫面，明靛水晶球镶于侧边，点睛之笔。金风玉露一相逢，便胜却人间无数	8000000	1	1	1000	7	1	1	99999	1520										
4128	粗麻方垫	Furniture_yizi_6	34	4128	4128		FurnitureItem	999	粗麻绣制而成的坐垫，质地较硬，多为普通人家使用	100000	1	1	1000	2	1	1	99999	1506										
4129	棉质方垫	Furniture_yizi_7	34	4129	4129		FurnitureItem	999	在棉质布面上绣制兰花纹理的坐垫，改善了填充料的品质，使之更为舒适	250000	1	1	1000	3	1	1	99999	1507										
4130	幽芳	Furniture_yizi_8	34	4130	4130		FurnitureItem	999	传闻西域有一奇花，晨露附于其上色泽如血，香气弥漫，以此花露染制而成的紫蓝色坐垫	500000	1	1	1000	4	1	1	99999	1508										
4131	红尘客梦	Furniture_yizi_9	34	4131	4131		FurnitureItem	999	传闻昔日李靖拜访杨素时，红拂芳心默许，故偷换坐垫，以期李靖察觉。后两人佳话流传于世，故多有仿制	1000000	1	1	1000	5	1	1	99999	1509										
4132	金兰	Furniture_yizi_10	34	4132	4132		FurnitureItem	999	灿金色的坐垫，奢华富贵，以烫金蚕丝绣金色兰花，更彰显贵气，非大富大贵之家不可用之	2000000	1	1	1000	6	1	1	99999	1510										
10811	红莲揽翠	Furniture_yizi_21	34	50096	50096		FurnitureItem	999	布面色为淡红，靠背色为青绿，坐之仿佛置身于竹林而观林中池塘之莲花。意境高远，脱俗逸尘	4000000	1	1	1000	6	1	1	99999	1521										
10812	胭脂点雪	Furniture_yizi_22	34	50097	50097		FurnitureItem	999	布面绣以雪白色雏菊，饰以胭红色靠背，红白辉映，相映成趣。靠背镶金，更显贵气。雅俗共赏，不可多得	8000000	1	1	1000	7	1	1	99999	1522										
4133	松木长凳	Furniture_yizi_11	34	4133	4133		FurnitureItem	999	松木制成的长凳，纹理天然美观，经久耐用，物美而价廉\n\n[FFFE0D]摆放后，可以点击进行使用[-]	100000	1	1	1000	2	1	1	99999	1511										
4134	桦木长凳	Furniture_yizi_12	34	4134	4134		FurnitureItem	999	桦木制成的长凳，色泽较深，看上去厚重沉稳，坚固牢靠\n\n[FFFE0D]摆放后，可以点击进行使用[-]	250000	1	1	1000	3	1	1	99999	1512										
4135	墨香圆凳	Furniture_yizi_13	34	4135	4135		FurnitureItem	999	以墨蓝色清漆均匀上色的圆凳，隐隐渗出一股淡淡的墨香\n\n[FFFE0D]摆放后，可以点击进行使用[-]	500000	1	1	1000	4	1	1	99999	1513										
4136	幻彩流光圆凳	Furniture_yizi_14	34	4136	4136		FurnitureItem	999	色泽多变明亮的圆凳，光华流转，置身其中，恍如误入仙境\n\n[FFFE0D]摆放后，可以点击进行使用[-]	1000000	1	1	1000	5	1	1	99999	1514										
4137	紫檀鎏金圆凳	Furniture_yizi_15	34	4137	4137		FurnitureItem	999	以上等紫檀木制成的圆凳，以黄金描边，高贵大气之余不显粗俗，多为大户人家所用\n\n[FFFE0D]摆放后，可以点击进行使用[-]	2000000	1	1	1000	6	1	1	99999	1515										
10813	墨绿镶金圆凳	Furniture_yizi_23	34	50098	50098		FurnitureItem	999	以罕见的上品黄花梨木制成的圆凳，木材榫合处皆镶以黄金，工艺精湛，浑然天成\n\n[FFFE0D]摆放后，可以点击进行使用[-]	4000000	1	1	1000	6	1	1	99999	1523										
10814	绛红雕金圆凳	Furniture_yizi_24	34	50099	50099		FurnitureItem	999	绝品金丝楠木与数百块黄金交错打造而成的圆凳，黄金处更由当世第一金匠手工雕刻，木料黄金相得益彰，让人叹为观止\n\n[FFFE0D]摆放后，可以点击进行使用[-]	8000000	1	1	1000	7	1	1	99999	1524										
4138	松木椅	Furniture_yizi_16	34	4138	4138		FurnitureItem	999	松木制成的凳子，纹理天然美观，经久耐用，物美而价廉\n\n[FFFE0D]摆放后，可以点击进行使用[-]	100000	1	1	1000	2	1	1	99999	1516										
4139	核桃木扶手椅	Furniture_yizi_17	34	4139	4139		FurnitureItem	999	朱红色的靠椅，结实耐用，不失档次，多为家境较好的人家用于大堂待客\n\n[FFFE0D]摆放后，可以点击进行使用[-]	500000	1	1	1000	4	1	1	99999	1517										
4140	朱丹描金椅	Furniture_yizi_18	34	4140	4140		FurnitureItem	999	以上等紫檀木制成的太师椅，以黄金描边，一眼望去，便知坐于其上之人定为贵人\n\n[FFFE0D]摆放后，可以点击进行使用[-]	2000000	1	1	1000	6	1	1	99999	1518										
10815	墨绿镶金太师椅	Furniture_yizi_25	34	50100	50100		FurnitureItem	999	以罕见的上品黄花梨木制成的太师椅，木材榫合处皆镶以黄金，工艺精湛，浑然天成\n\n[FFFE0D]摆放后，可以点击进行使用[-]	4000000	1	1	1000	6	1	1	99999	1525										
4141	松木浴盆	Furniture_yugang_1	34	4141	4141		FurnitureItem	999	松木制成的浴盆，纹理天然美观，经久耐用，物美而价廉 \n\n[FFFE0D]摆放后的【浴盆】类家具，可以点击进行使用操作[-]	600000	1	1	1000	2	1	1	99999	2001										
4142	桦木浴盆	Furniture_yugang_2	34	4142	4142		FurnitureItem	999	桦木制成的浴盆，色泽较深，看上去厚重沉稳，坚固牢靠 \n\n[FFFE0D]摆放后的【浴盆】类家具，可以点击进行使用操作[-]	1500000	1	1	1000	3	1	1	99999	2002										
4143	墨香浴盆	Furniture_yugang_3	34	4143	4143		FurnitureItem	999	以墨蓝色清漆均匀上色的浴盆，隐隐渗出一股淡淡的墨香 \n\n[FFFE0D]摆放后的【浴盆】类家具，可以点击进行使用操作[-]	3000000	1	1	1000	4	1	1	99999	2003										
4144	镜花水月	Furniture_yugang_4	34	4144	4144		FurnitureItem	999	色泽多变明亮的浴盆，光华流转，置身其中，恍如误入仙境 \n\n[FFFE0D]摆放后的【浴盆】类家具，可以点击进行使用操作[-]	8000000	1	1	1000	5	1	1	99999	2004										
4145	琼瑶碧落	Furniture_yugang_5	34	4145	4145		FurnitureItem	999	以上等紫檀木制成的浴盆，以黄金描边，高贵大气之余不显粗俗，多为大户人家所用 \n\n[FFFE0D]摆放后的【浴盆】类家具，可以点击进行使用操作[-]	16000000	1	1	1000	6	1	1	99999	2005										
10816	晴翠扶风	Furniture_yugang_6	34	50101	50101		FurnitureItem	999	以罕见的上品黄花梨木制成的浴盆，木材榫合处皆镶以黄金，工艺精湛，浑然天成 \n\n[FFFE0D]摆放后的【浴盆】类家具，可以点击进行使用操作[-]	32000000	1	1	1000	6	1	1	99999	2006										
10817	青龙观月	Furniture_yugang_7	34	50102	50102		FurnitureItem	999	绝品金丝楠木打造而成的浴盆，背后屏风正中嵌以青龙首玉雕，龙目望向水中月，气势非凡，实乃绝品 \n\n[FFFE0D]摆放后的【浴盆】类家具，可以点击进行使用操作[-]	64000000	1	1	1000	7	1	1	99999	2007										
4146	虎啸山林	Furniture_dabaishe_1	34	4146	4146		FurnitureItem	999	以百兽之王——虎皮制成的地毯，彰显王者之气	3000000	1	1	1000	5	1	1	99999	2501										
4147	飞熊入梦	Furniture_dabaishe_2	34	4147	4147		FurnitureItem	999	以珍贵白熊皮制成的地毯，柔软厚实，非高官大贾不可得之\n「自从叩角歌声歇，无复飞熊入梦中」	6000000	1	1	1000	6	1	1	99999	2502										
4148	星悬长空（中）	Furniture_dabaishe_3	34	4148	4148		FurnitureItem	999	以深蓝色布料编织而成的中型地毯，仿制天空，其上以彩色丝线绣有繁星，一眼望上去满目琳琅	750000	1	1	1000	3	1	1	99999	2503										
4149	海枯石烂（中）	Furniture_dabaishe_4	34	4149	4149		FurnitureItem	999	以褐色布料仿制大地，以蓝色布料仿制流水，据闻乃万金财定制\n「嘿嘿，我老万做的地毯，海沽石烂，永不损坏！」	1500000	1	1	1000	4	1	1	99999	2504										
4150	火凤金鸾地衣（中）	Furniture_dabaishe_5	34	4150	4150		FurnitureItem	999	传闻世上有一对神鸟，名鸾凤，情比金坚，不离不弃，其羽绚丽多姿，光华夺目，后有绣坊以其名制成地衣。	3000000	1	1	1000	5	1	1	99999	2505										
4151	金榜提名（中）	Furniture_dabaishe_6	34	4151	4151		FurnitureItem	999	富贵人家为家中子嗣预先定制，期望他有朝一日能够金榜题名。以金丝一针一线缝制，耗时惊人，非技艺极高之人不可绣制	6000000	1	1	1000	6	1	1	99999	2506										
4152	星悬长空（大）	Furniture_dabaishe_7	34	4152	4152		FurnitureItem	999	以深蓝色布料编织而成的中型地毯，仿制天空，其上以彩色丝线绣有繁星，一眼望上去满目琳琅	750000	1	1	1000	3	1	1	99999	2507										
4153	海枯石烂（大）	Furniture_dabaishe_8	34	4153	4153		FurnitureItem	999	以褐色布料仿制大地，以蓝色布料仿制流水，据闻乃万金财定制\n「嘿嘿，我老万做的地毯，海沽石烂，永不损坏！」	1500000	1	1	1000	4	1	1	99999	2508										
4154	火凤金鸾地衣（大）	Furniture_dabaishe_9	34	4154	4154		FurnitureItem	999	传闻世上有一对神鸟，名鸾凤，情比金坚，不离不弃，其羽绚丽多姿，光华夺目，后有绣坊以其名制成地衣。	3000000	1	1	1000	5	1	1	99999	2509										
4155	金榜提名（大）	Furniture_dabaishe_10	34	4155	4155		FurnitureItem	999	富贵人家为家中子嗣预先定制，期望他有朝一日能够金榜题名。以金丝一针一线缝制，耗时惊人，非技艺极高之人不可绣制	6000000	1	1	1000	6	1	1	99999	2510										
4156	幻彩流光地衣（中）	Furniture_dabaishe_11	34	4156	4156		FurnitureItem	999	色泽多变明亮的地衣，光华流转，置身其中，恍如误入仙境	3000000	1	1	1000	5	1	1	99999	2511										
4157	幻彩流光地衣（大）	Furniture_dabaishe_12	34	4157	4157		FurnitureItem	999	色泽多变明亮的地衣，光华流转，置身其中，恍如误入仙境	3000000	1	1	1000	5	1	1	99999	2512										
4221	松木锦盒	Furniture_zhongbaishe_1	34	4221	4221		FurnitureItem	999	松木制成的锦盒，纹理天然美观，经久耐用，物美而价廉，多用于存放物件	200000	1	1	1000	2	1	1	99999	3001										
4222	百宝箱	Furniture_zhongbaishe_2	34	4222	4222		FurnitureItem	999	华贵的宝盒，多用于珍藏女子首饰或是珍贵之物，盒子本身已是价值不菲	1000000	1	1	1000	4	1	1	99999	3002										
4223	双龙衔珠	Furniture_zhongbaishe_3	34	4223	4223		FurnitureItem	999	极尽奢华的宝箱，单箱上的夜明珠已是价值千金，两条金龙亦是黄金铸成，不知其中究竟藏有何等珍贵之物	4000000	1	1	1000	6	1	1	99999	3003										
4224	金枝玉叶（合）	Furniture_zhongbaishe_4	34	4224	4224		FurnitureItem	999	大户之家常用的屏风，通体金色，故唯有身份尊贵之人方可使用	500000	1	1	1000	3	1	1	99999	3004										
4225	寒梅傲雪	Furniture_zhongbaishe_5	34	4225	4225		FurnitureItem	999	栽种于方形花盆中的寒梅，梅开百花之先，生于严寒，独天下而春，令人钦佩	2000000	1	1	1000	5	1	1	99999	3005										
4226	青松迎客	Furniture_zhongbaishe_6	34	4226	4226		FurnitureItem	999	有名家造访黄山，观其青松之态，耗费数年精力栽培的盆景，实属有价无市的珍贵之物	4000000	1	1	1000	6	1	1	99999	3006										
10818	叶落知秋	Furniture_zhongbaishe_21	34	50103	50103		FurnitureItem	999	一叶落而天下知秋。秋叶满树，气氛格外悲凉苍远，意境高绝，多为慷慨悲歌之士喜爱	8000000	1	1	1000	6	1	1	99999	3021										
4227	粗麻屏风	Furniture_zhongbaishe_7	34	4227	4227		FurnitureItem	999	普通人家常用的屏风，笨重简陋，较为不便，但价格低廉，可做遮挡之用	200000	1	1	1000	2	1	1	99999	3007										
4228	金枝玉叶（张）	Furniture_zhongbaishe_8	34	4228	4228		FurnitureItem	999	大户之家常用的屏风，通体金色，故唯有身份尊贵之人方可使用	500000	1	1	1000	3	1	1	99999	3008										
4229	太岳入云	Furniture_zhongbaishe_9	34	4229	4229		FurnitureItem	999	有画师遍访名山，观其形，悟其神，将其直耸入云的气势绘于屏风之上	1000000	1	1	1000	4	1	1	99999	3009										
4230	三生连理	Furniture_zhongbaishe_10	34	4230	4230		FurnitureItem	999	屏风共分三面，意三生三世，枝芽分处三面之上，意为三生三世，共结连理	2000000	1	1	1000	5	1	1	99999	3010										
10819	风帘翠幕	Furniture_zhongbaishe_22	34	50104	50104		FurnitureItem	999	屏风分为四面，上绘翠竹，高低交错，交相掩映。厅内有如沐春风之感，颇为淡雅之人所爱	8000000	1	1	1000	6	1	1	99999	3022										
4231	星悬长空（小）	Furniture_zhongbaishe_11	34	4231	4231		FurnitureItem	999	以深蓝色布料编织而成的中型地毯，仿制天空，其上以彩色丝线绣有繁星，一眼望上去满目琳琅	500000	1	1	1000	3	1	1	99999	3011										
4232	海枯石烂（小）	Furniture_zhongbaishe_12	34	4232	4232		FurnitureItem	999	以褐色布料仿制大地，以蓝色布料仿制流水，据闻乃万金财定制\n「嘿嘿，我老万做的地毯，海沽石烂，永不损坏！」	1000000	1	1	1000	4	1	1	99999	3012										
4233	火凤金鸾地衣（小）	Furniture_zhongbaishe_13	34	4233	4233		FurnitureItem	999	传闻世上有一对神鸟，名鸾凤，情比金坚，不离不弃，其羽绚丽多姿，光华夺目，后有绣坊以其名制成地衣。	2000000	1	1	1000	5	1	1	99999	3013										
4234	金榜提名（小）	Furniture_zhongbaishe_14	34	4234	4234		FurnitureItem	999	富贵人家为家中子嗣预先定制，期望他有朝一日能够金榜题名。以金丝一针一线缝制，耗时惊人，非技艺极高之人不可绣制	4000000	1	1	1000	6	1	1	99999	3014										
4235	铜雀香炉	Furniture_zhongbaishe_15	34	4235	4235		FurnitureItem	999	较为简陋的铜雀香炉，多为一般子弟所用，香气较淡，仅作助眠之用\n\n[FFFE0D]摆放后，可以点击进行使用[-]	200000	1	1	1000	2	1	1	99999	3015										
4236	玉莲香炉	Furniture_zhongbaishe_16	34	4236	4236		FurnitureItem	999	以青玉雕刻而成的莲花状香炉，其内含有香料，能够安定心神，令人心旷神怡\n\n[FFFE0D]摆放后，可以点击进行使用[-]	500000	1	1	1000	3	1	1	99999	3016										
4237	熟铜香炉	Furniture_zhongbaishe_17	34	4237	4237		FurnitureItem	999	炉中空间较大，多用于大堂之上，人数较多的场合，能够让香气快速扩散\n\n[FFFE0D]摆放后，可以点击进行使用[-]	1000000	1	1	1000	4	1	1	99999	3017										
4238	七绣云香	Furniture_zhongbaishe_18	34	4238	4238		FurnitureItem	999	炉身绘有七彩云霞，象征如意吉祥，其香可沿炉盖攀爬而上，令香气聚而不散\n\n[FFFE0D]摆放后，可以点击进行使用[-]	2000000	1	1	1000	5	1	1	99999	3018										
4239	翠玉炉衬紫金葫芦	Furniture_zhongbaishe_19	34	4239	4239		FurnitureItem	999	工艺极高的匠师方可制作的名器，翠玉炉与紫金葫芦可分别放置不同香料，两者相合，异香弥漫，令人恍如身临吸仙境\n\n[FFFE0D]摆放后，可以点击进行使用[-]	4000000	1	1	1000	6	1	1	99999	3019										
5225	幻彩流光地衣（小）	Furniture_zhongbaishe_20	34	5225	5225		FurnitureItem	999	色泽多变明亮的地衣，光华流转，置身其中，恍如误入仙境	2000000	1	1	1000	5	1	1	99999	3020										
4162	松木灯	Furniture_xiaobaishe_1	34	4162	4162		FurnitureItem	999	松木制成的灯，纹理天然美观，经久耐用，物美而价廉\n\n[FFFE0D]摆放后，可以点击进行使用[-]	100000	1	1	1000	2	1	1	99999	3501										
4163	桦木灯	Furniture_xiaobaishe_2	34	4163	4163		FurnitureItem	999	桦木制成的灯，色泽较深，看上去厚重沉稳，坚固牢靠\n\n[FFFE0D]摆放后，可以点击进行使用[-]	250000	1	1	1000	3	1	1	99999	3502										
4164	墨香灯	Furniture_xiaobaishe_3	34	4164	4164		FurnitureItem	999	以墨蓝色清漆均匀上色的灯，隐隐渗出一股淡淡的墨香\n\n[FFFE0D]摆放后，可以点击进行使用[-]	500000	1	1	1000	4	1	1	99999	3503										
4165	幻彩流光灯	Furniture_xiaobaishe_4	34	4165	4165		FurnitureItem	999	色泽多变明亮的灯，光华流转，置身其中，恍如误入仙境\n\n[FFFE0D]摆放后，可以点击进行使用[-]	1000000	1	1	1000	5	1	1	99999	3504										
4166	紫檀鎏金灯	Furniture_xiaobaishe_5	34	4166	4166		FurnitureItem	999	以上等紫檀木制成的灯，以黄金描边，高贵大气之余不显粗俗，多为大户人家所用\n\n[FFFE0D]摆放后，可以点击进行使用[-]	2000000	1	1	1000	6	1	1	99999	3505										
10821	墨绿环首灯	Furniture_xiaobaishe_16	34	50105	50105		FurnitureItem	999	以罕见的上品黄花梨木制成的灯，木材榫合处皆镶以黄金，工艺精湛，浑然天成\n\n[FFFE0D]摆放后，可以点击进行使用[-]	4000000	1	1	1000	6	1	1	99999	3516										
10820	青翠双翼灯	Furniture_xiaobaishe_17	34	50106	50106		FurnitureItem	999	绝品金丝楠木与数百块黄金交错打造而成的灯，黄金处更由当世第一金匠手工雕刻，木料黄金相得益彰，让人叹为观止\n\n[FFFE0D]摆放后，可以点击进行使用[-]	8000000	1	1	1000	7	1	1	99999	3517										
4167	绛桃春	Furniture_xiaobaishe_6	34	4167	4167		FurnitureItem	999	栽在盆中的桃花，开得十分茂盛\n「桃之夭夭，灼灼其华」	100000	1	1	1000	2	1	1	99999	3506										
4168	郁金香	Furniture_xiaobaishe_7	34	4168	4168		FurnitureItem	999	来自西域的异种花，秀气而美观	250000	1	1	1000	3	1	1	99999	3507										
4169	青玉瓷瓶	Furniture_xiaobaishe_8	34	4169	4169		FurnitureItem	999	青玉烧成的瓷瓶，精致而美观，其中疏疏落落的错落着一些花卉	500000	1	1	1000	4	1	1	99999	3508										
4170	一剪梅	Furniture_xiaobaishe_9	34	4170	4170		FurnitureItem	999	梅开百花之先，生于严寒，独天下而春，令人钦佩\n「一剪寒梅傲立雪」	1000000	1	1	1000	5	1	1	99999	3509										
4171	七菱冰玄花	Furniture_xiaobaishe_10	34	4171	4171		FurnitureItem	999	产自极寒之地的奇异花种，花生七菱，如冰如雪，散发出淡淡寒意，偏生又幽香动人	2000000	1	1	1000	6	1	1	99999	3510										
10822	点绛唇	Furniture_xiaobaishe_18	34	50107	50107		FurnitureItem	999	西域匠人精心选育奇种，花开胭红，颇似美人唇釉，细细观之，不觉风情万种，遁入其间矣	4000000	1	1	1000	6	1	1	99999	3518										
10823	暖黄木玉瓶	Furniture_xiaobaishe_19	34	50108	50108		FurnitureItem	999	瓶身由木包暖玉而成，瓶内插放待放嫩黄芽，不借外物，暖意自起	8000000	1	1	1000	7	1	1	99999	3519										
4172	檀香木盒	Furniture_xiaobaishe_11	34	4172	4172		FurnitureItem	999	松木制成的木盒，以檀香熏之，使之短时间内带有淡淡的香气，多用于盛放食物	100000	1	1	1000	2	1	1	99999	3511										
4173	画筒	Furniture_xiaobaishe_12	34	4173	4173		FurnitureItem	999	多见于私塾或书生之家，筒中稀稀疏疏的插放着几卷书画	250000	1	1	1000	3	1	1	99999	3512										
4240	金狮揽玉瓶	Furniture_xiaobaishe_13	34	4240	4240		FurnitureItem	999	来自异域的名器，传闻异域金狮极其凶猛，有名匠拟金狮之态，以青玉为基雕琢此瓶	500000	1	1	1000	4	1	1	99999	3513										
4241	瑞鹤仙	Furniture_xiaobaishe_14	34	4241	4241		FurnitureItem	999	以极为高超的手艺仿制而成的仙鹤，看上去栩栩如生，彷如一不留神，便会展翅飞去	1000000	1	1	1000	5	1	1	99999	3514										
4242	青花孔雀花卉纹瓶	Furniture_xiaobaishe_15	34	4242	4242		FurnitureItem	999	难得一见的瓷器精品，瓶身绘有孔雀、花卉，杂而不乱，形神具备，价值连城	2000000	1	1	1000	6	1	1	99999	3515										
10824	青龙盘珠	Furniture_xiaobaishe_20	34	50109	50109		FurnitureItem	999	上品青阳玉雕青龙盘于足赤金铸成的云纹珠之上，口衔明灯，似是皇宫内院之物，定非凡品	4000000	1	1	1000	6	1	1	99999	3520										
10825	攒蹄回首金角鹿	Furniture_xiaobaishe_21	34	50110	50110		FurnitureItem	999	通体赤红的梅花鹿，四蹄攒聚于底座之上，纯金打造鹿角，鹿首回望，栩栩如生。造型精细雅致，不知何等能工巧匠方能为之	8000000	1	1	1000	7	1	1	99999	3521										
4174	轻竹帘	Furniture_guashi_1	34	4174	4174		FurnitureItem	999	普通人家常有的竹帘，多置于窗边，以便打开窗户时遮挡屋内	200000	1	1	1000	2	1	1	99999	4001										
4175	苏幕遮	Furniture_guashi_2	34	4175	4175		FurnitureItem	999	经染色坊特殊加工的布料所制成的纱帘，阳光透过纱帘的照射进屋内，别有一番韵味	500000	1	1	1000	3	1	1	99999	4002										
4176	一帘幽梦	Furniture_guashi_3	34	4176	4176		FurnitureItem	999	以较好丝绸绣成的幽兰色纱帘，充满了不可预知的神秘感\n「夜月一帘幽梦，春风十里柔情」	1000000	1	1	1000	4	1	1	99999	4003										
4177	珥金拖紫	Furniture_guashi_4	34	4177	4177		FurnitureItem	999	精雕细琢的梁木配以上等蚕丝绣制而成的纱帘，多为达官贵人所用	2000000	1	1	1000	5	1	1	99999	4004										
4178	金玉满堂	Furniture_guashi_5	34	4178	4178		FurnitureItem	999	原为宫廷所用的纱帘，中间以珠玉点缀，通体金黄，象征皇家之气，极为尊贵	4000000	1	1	1000	6	1	1	99999	4005										
10826	掩卷红灯	Furniture_guashi_18	34	50111	50111		FurnitureItem	999	用锦绣绫鸾缎以攒首回针织法织就，凌飞绣法绣红灯于表面，翡翠碧玉珠作为点缀，秀致雅相，落落大观	8000000	1	1	1000	6	1	1	99999	4018										
4179	半透纱帘	Furniture_guashi_6	34	4179	4179		FurnitureItem	999	透气的纱帘，多用于遮蔽内室与外厅，可以通过两侧的绳结拉起落下	500000	1	1	1000	3	1	1	99999	4006										
4180	落霞映山图	Furniture_guashi_7	34	4180	4180		FurnitureItem	999	既描绘出波澜壮阔的山河壮丽，又蕴含了柔情万种的落霞漫天，实乃不可多得的珍品画作	2000000	1	1	1000	5	1	1	99999	4007										
10827	落日余晖图	Furniture_guashi_19	34	50112	50112		FurnitureItem	999	长河落日，有树，有云，斜阳余晖洒下，苍远之意跃然纸上。当世名手所做，当属无价之宝。	8000000	1	1	1000	6	1	1	99999	4019										
10828	秋叶黄山图	Furniture_guashi_20	34	50113	50113		FurnitureItem	999	黄山绝顶云海图，取傍晚太阳将落未落之时的秋松入画，一片暖色，画作工巧，意境非凡。世间多少丹青手，临画慨之画不成	16000000	1	1	1000	7	1	1	99999	4020										
4181	翠笛	Furniture_guashi_8	34	4181	4181		FurnitureItem	999	吹奏配美酒，美哉！	200000	1	1	1000	2	1	1	99999	4008										
4182	满月阮	Furniture_guashi_9	34	4182	4182		FurnitureItem	999	桦木制成的阮，弹奏出的音质清脆而优雅	500000	1	1	1000	3	1	1	99999	4009										
4183	浣花琵琶	Furniture_guashi_10	34	4183	4183		FurnitureItem	999	以上等硬木制成，色泽悦目、雅致，纹理天然美观	1000000	1	1	1000	4	1	1	99999	4010										
4184	独幽	Furniture_guashi_11	34	4184	4184		FurnitureItem	999	造于晚唐的凤嗉式桐木琴，琴面黑红相间漆，梅花断纹与蛇腹断纹交织，背面牛毛断纹。龙池上方刻“独幽”	2000000	1	1	1000	5	1	1	99999	4011										
4185	大圣遗音	Furniture_guashi_12	34	4185	4185		FurnitureItem	999	传闻乃李亨即位后所作的第一批宫琴。此琴依然保持了盛唐时期的风貌，具有秀美而浑厚的气度	4000000	1	1	1000	6	1	1	99999	4012										
4186	红鸾星动	Furniture_guashi_13	34	4186	4186		FurnitureItem	999	以红绳编织而成的香囊，其上绣有蝴蝶，意比翼齐飞	200000	1	1	1000	2	1	1	99999	4013										
4187	祥云纸鸢	Furniture_guashi_14	34	4187	4187		FurnitureItem	999	外出游玩时最受欢迎的玩物之一，能够迎风而上，令人流连忘返	500000	1	1	1000	3	1	1	99999	4014										
4188	紫珠号角	Furniture_guashi_15	34	4188	4188		FurnitureItem	999	用兽角制成，常见于军旅，发声高亢凌厉，直破云霄，多用于发号施令或振气壮威	1000000	1	1	1000	4	1	1	99999	4015										
4189	山水绘卷	Furniture_guashi_16	34	4189	4189		FurnitureItem	999	古朴的画卷，看不出是谁人的笔墨，然神韵已存，当出自大家之手\n「钟天地之灵秀，蕴山水之华英」	2000000	1	1	1000	5	1	1	99999	4016										
4190	银翎柘木弓	Furniture_guashi_17	34	4190	4190		FurnitureItem	999	多为将军佩戴的长弓，以上等木材制成，韧性极佳，是不可多得的好弓	4000000	1	1	1000	6	1	1	99999	4017										
10829	丹桂飘香	Furniture_guashi_21	34	50114	50114		FurnitureItem	999	丹桂花开之际，香飘十里。细观似有花香透画而出，心旷神怡，又仿佛置身花海，气静声清	8000000	1	1	1000	6	1	1	99999	4021										
10830	紫日东升	Furniture_guashi_22	34	50115	50115		FurnitureItem	999	朝阳跃出于层浪之上，徘徊于东山之巅，白露横江，水光接天。意境与画工皆为上上等，得之不敢妄想，能一观已是幸甚	16000000	1	1	1000	7	1	1	99999	4022										
4191	孩童秋千	Furniture_dayuanjing_1	34	4191	4191		FurnitureItem	999	大户人家庭院或幼年私塾中常有布置的秋千，是许多子弟年幼的回忆\n\n[FFFE0D]摆放后，可以点击进行使用[-]	300000	1	1	1000	2	1	1	99999	4501										
4192	铜木兵器架	Furniture_dayuanjing_2	34	4192	4192		FurnitureItem	999	征战沙场之人家中常备的兵器架，多用于放置长兵器，下方亦可挂置盾牌及短兵	750000	1	1	1000	3	1	1	99999	4502										
4193	百花缭乱	Furniture_dayuanjing_3	34	4193	4193		FurnitureItem	999	香檀木制成的花坛，种植有多种花卉，香气四散，多置于庭院之中，常有蝴蝶飞舞其中	1500000	1	1	1000	4	1	1	99999	4503										
4194	万紫千红	Furniture_dayuanjing_4	34	4194	4194		FurnitureItem	999	以香檀木为底，以青石为基雕刻而成的花坛，种植了千百种奇花异草，鲜花盛开处，一片芬芳	3000000	1	1	1000	5	1	1	99999	4504										
4195	月明花影	Furniture_dayuanjing_5	34	4195	4195		FurnitureItem	999	布满鲜花的秋千，纹理细腻，做工精致，一看便知出自名匠之手。\n「秋千与花影，并在月明中」\n\n[FFFE0D]摆放后，可以点击进行使用[-]	6000000	1	1	1000	6	1	1	99999	4505										
4196	青石圆桌	Furniture_dayuanjing_6	34	4196	4196		FurnitureItem	999	青石雕刻而成的圆桌，简朴耐用，多摆放于庭院，供赏玩之人小憩或饮酒作乐	300000	1	1	1000	2	1	1	99999	4506										
4197	三人行	Furniture_dayuanjing_7	34	4197	4197		FurnitureItem	999	传闻乃昔日圣人传道授业所坐之石的仿制品，学院私塾多有放置，以期学生能相互学习\n「三人行，必有我师」	750000	1	1	1000	3	1	1	99999	4507										
4198	海角奇石	Furniture_dayuanjing_8	34	4198	4198		FurnitureItem	999	形状精奇的石头，价值不菲，商客为之命名海角，意为天涯海角，无双无对	1500000	1	1	1000	4	1	1	99999	4508										
4199	群峰耸翠	Furniture_dayuanjing_9	34	4199	4199		FurnitureItem	999	有石匠跋山涉水，取天下名山之形，耗时数月以精巧奇石雕刻成型，极为珍贵	3000000	1	1	1000	5	1	1	99999	4509										
4200	三生三世	Furniture_dayuanjing_10	34	4200	4200		FurnitureItem	999	传闻乃桃花中的异种，清风拂过，花瓣飘落，阵阵幽香扑面而来	6000000	1	1	1000	6	1	1	99999	4510										
4201	青石古井	Furniture_dayuanjing_11	34	4201	4201		FurnitureItem	999	一口古朴的石井，经历了多年风雨的洗礼，看上去有些沧桑	300000	1	1	1000	2	1	1	99999	4511										
4202	桦木鼓架	Furniture_dayuanjing_12	34	4202	4202		FurnitureItem	999	军中常见擂鼓改良而成，鼓声较小，多用于热闹场合，引人注目\n\n[FFFE0D]摆放后，可以点击进行使用[-]	750000	1	1	1000	3	1	1	99999	4512										
4203	燕语	Furniture_dayuanjing_13	34	4203	4203		FurnitureItem	999	能够发出清脆声音的铜器，如飞燕低鸣，令人着迷。\n「梁上喃喃燕语，纸间戢戢蚕生」\n\n[FFFE0D]摆放后，可以点击进行使用[-]	1500000	1	1	1000	4	1	1	99999	4513										
4204	编钟	Furniture_dayuanjing_14	34	4204	4204		FurnitureItem	999	以青铜铸成，悬挂于巨大的钟架，尺寸不同其音量、音阶也不同\n\n[FFFE0D]摆放后，可以点击进行使用[-]	3000000	1	1	1000	5	1	1	99999	4514										
4205	遏云	Furniture_dayuanjing_15	34	4205	4205		FurnitureItem	999	以上等材料制成的乐器，其音响亮，直冲天际。\n「声振林木，响遏行云」\n\n[FFFE0D]摆放后，可以点击进行使用[-]	6000000	1	1	1000	6	1	1	99999	4515										
5226	朝颜花栏	Furniture_dayuanjing_16	34	5226	5226		FurnitureItem	999	种满喇叭花的花栏，因清晨花开，傍晚花谢，又称之为朝颜	1500000	1	1	1000	4	1	1	99999	4516										
5227	小绿阴	Furniture_dayuanjing_17	34	5227	5227		FurnitureItem	999	种于庭院中能遮阴能避雨，一桌一椅，一人一壶茶，悠哉！	3000000	1	1	1000	5	1	1	99999	4517										
5228	十里桃花	Furniture_dayuanjing_18	34	5228	5228		FurnitureItem	999	传闻此树源自桃花岛，清风拂过，花瓣飘落，阵阵幽香十里开外亦能嗅到	6000000	1	1	1000	6	1	1	99999	4518										
5229	朝颜花棚架	Furniture_dayuanjing_19	34	5229	5229		FurnitureItem	999	种满喇叭花的花棚架，因清晨花开，傍晚花谢，又称之为朝颜	1500000	1	1	1000	4	1	1	99999	4519										
5230	银石双人椅	Furniture_dayuanjing_20	34	5230	5230		FurnitureItem	999	以上等石料制成的双人椅，纹理细腻，做工精致，石面具有冬暖夏凉之神奇功效\n\n[FFFE0D]摆放后，可以点击进行使用[-]	3000000	1	1	1000	5	1	1	99999	4520										
5231	鎏金双人椅	Furniture_dayuanjing_21	34	5231	5231		FurnitureItem	999	以上等石料加以黄金描边制成的双人椅，纹理细腻，做工精致，石面具有冬暖夏凉之神奇功效\n\n[FFFE0D]摆放后，可以点击进行使用[-]	6000000	1	1	1000	6	1	1	99999	4521										
5232	浮雕照壁	Furniture_dayuanjing_22	34	5232	5232		FurnitureItem	999	以上等石料再加以工匠的一雕一刻制成的照壁	3000000	1	1	1000	5	1	1	99999	4522										
5233	荷花小池	Furniture_dayuanjing_23	34	5233	5233		FurnitureItem	999	小荷才露尖尖角，早有蜻蜓立上头，常见于大户人家	6000000	1	1	1000	6	1	1	99999	4523										
4206	青石圆凳	Furniture_xiaoyuanjing_1	34	4206	4206		FurnitureItem	999	青石雕刻而成的石凳，简朴耐用，多摆放于庭院，供赏玩之人小憩\n\n[FFFE0D]摆放后，可以点击进行使用[-]	100000	1	1	1000	2	1	1	99999	5001										
4207	陈年老酒坛	Furniture_xiaoyuanjing_2	34	4207	4207		FurnitureItem	999	多埋于土中，待得女儿出嫁或儿子娶妻时设宴方将之取出，酒香浓郁	250000	1	1	1000	3	1	1	99999	5002										
4208	赤铜壶	Furniture_xiaoyuanjing_3	34	4208	4208		FurnitureItem	999	铜制壶，制作较为简单，常用于庭外装饰或放置一些小物件	500000	1	1	1000	4	1	1	99999	5003										
4209	湛蓝纹金象耳罐	Furniture_xiaoyuanjing_4	34	4209	4209		FurnitureItem	999	瓶身呈碧蓝色，绘以金色纹路，再以黄金铸成提手，做工精细，十分珍贵	1000000	1	1	1000	5	1	1	99999	5004										
4220	海纳百川	Furniture_xiaoyuanjing_5	34	4220	4220		FurnitureItem	999	需集多人之力方可抬动，有诗一首：「莫道此罐小，藏酒足百斤。等闲不可动，四人担架行」	2000000	1	1	1000	6	1	1	99999	5005										
4210	青石护栏	Furniture_xiaoyuanjing_6	34	4210	4210		FurnitureItem	999	青石制成的护栏，多用于小桥流水边，以防行人失足跌入河中	100000	1	1	1000	2	1	1	99999	5006										
4211	稻草人	Furniture_xiaoyuanjing_7	34	4211	4211		FurnitureItem	999	以稻草制成，套以蓝色衣衫，多用于农田之侧，防止鸟儿啄食粮食	250000	1	1	1000	3	1	1	99999	5007										
4212	百花盏	Furniture_xiaoyuanjing_8	34	4212	4212		FurnitureItem	999	青石制成的花坛，其中遍布百花，香气四散，多置于庭院之中，常有蝴蝶飞舞其中	500000	1	1	1000	4	1	1	99999	5008										
4213	姹紫嫣红	Furniture_xiaoyuanjing_9	34	4213	4213		FurnitureItem	999	以香檀木雕刻为莲花状花篮，其上精心插满了各色奇花异草，群芳斗艳，令人目不暇接	1000000	1	1	1000	5	1	1	99999	5009										
4214	月上柳梢头	Furniture_xiaoyuanjing_10	34	4214	4214		FurnitureItem	999	以香檀木雕刻成弯月之状，上挂三盏明灯，相约黄昏后\n「去年元夜时，花市灯如昼」\n\n[FFFE0D]摆放后，可以点击进行使用[-]	2000000	1	1	1000	6	1	1	99999	5010										
4215	石狮子	Furniture_xiaoyuanjing_11	34	4215	4215		FurnitureItem	999	以青石雕刻而成的石狮子，神态可掬，栩栩如生	100000	1	1	1000	2	1	1	99999	5011										
4216	花岗石灯	Furniture_xiaoyuanjing_12	34	4216	4216		FurnitureItem	999	以花岗岩雕刻而成的石灯台，多置于庭院之中，随处可见，用以照明\n\n[FFFE0D]摆放后，可以点击进行使用[-]	250000	1	1	1000	3	1	1	99999	5012										
4217	云纹镶金石灯	Furniture_xiaoyuanjing_13	34	4217	4217		FurnitureItem	999	大户人家中亦较为少见的珍贵石灯，石台遍布云纹，并以黄金铸成灯窗，夜明珠为灯芯\n\n[FFFE0D]摆放后，可以点击进行使用[-]	500000	1	1	1000	4	1	1	99999	5013										
4218	金碧貔貅	Furniture_xiaoyuanjing_14	34	4218	4218		FurnitureItem	999	以整块碧玉雕琢而成的貔貅，缀以黄金，蕴招财之意	1000000	1	1	1000	5	1	1	99999	5014										
4219	翠玉雕龙	Furniture_xiaoyuanjing_15	34	4219	4219		FurnitureItem	999	以上等良玉雕琢而成的龙，其爪所握之物，更是一整块晶莹剔透的翠玉明珠，价值连城	2000000	1	1	1000	6	1	1	99999	5015										
5234	蓝朝颜	Furniture_xiaoyuanjing_16	34	5234	5234		FurnitureItem	999	只在清晨花开，故而得名朝颜	100000	1	1	1000	2	1	1	99999	5016										
5235	午时花	Furniture_xiaoyuanjing_17	34	5235	5235		FurnitureItem	999	午间开花而明晨闭合，故而得名午时花。有希望、快乐之意，深受姑娘们的喜爱	250000	1	1	1000	3	1	1	99999	5017										
5236	紫蝴蝶	Furniture_xiaoyuanjing_18	34	5236	5236		FurnitureItem	999	犹如紫色蝴蝶藏于其中，故而得名紫蝴蝶	100000	1	1	1000	2	1	1	99999	5018										
5237	帝女花	Furniture_xiaoyuanjing_19	34	5237	5237		FurnitureItem	999	有清净、高洁、真情、吉祥之意，是一种极具观赏性的植物	250000	1	1	1000	3	1	1	99999	5019										
4244	首席弟子	Furniture_xianding1	34	4244	4244		FurnitureItem	999	门派竞技，首席弟子！\n[FFFE0D]获得途径：成功当选门派竞技大师兄/大师姐[-]		1	1	1000	6	1	1	99999	10000										
4245	独孤求败	Furniture_xianding2	34	4245	4245		FurnitureItem	999	华山论剑，独孤求败！\n[FFFE0D]获得途径：成功夺得华山论剑冠军[-]		1	1	1000	6	1	1	99999	10001										
4246	武极天下	Furniture_xianding3	34	4246	4246		FurnitureItem	999	武神殿		1	1	1000	6	1	1	99999	10002										
4247	神兵利器	Furniture_xianding4	34	4247	4247		FurnitureItem	999	装备强化，神兵利器！\n[FFFE0D]获得途径：全身装备强化+100以上[-]		1	1	1000	6	1	1	99999	10003										
4248	技压群雄	Furniture_xianding5	34	4248	4248		FurnitureItem	999	挑战盟主，技压群雄！\n[FFFE0D]获得途径：获得200次挑战武林盟主个人最终排名第1[-]		1	1	1000	6	1	1	99999	10004										
4249	如虎添翼	Furniture_xianding6	34	4249	4249		FurnitureItem	999	装备镶嵌，如虎添翼！\n[FFFE0D]获得途径：镶嵌40个6级以上魂石[-]		1	1	1000	6	1	1	99999	10005										
4250	富可敌国	Furniture_xianding7	34	4250	4250		FurnitureItem	999	家族捐献，富可敌国！\n[FFFE0D]获得途径：完成10000次家族捐献[-]		1	1	1000	6	1	1	99999	10006										
4251	登峰造极	Furniture_xianding8	34	4251	4251		FurnitureItem	999	勇闯通天，登峰造极！\n[FFFE0D]获得途径：成功踏入通天塔第八层20次[-]		1	1	1000	6	1	1	99999	10007										
4837	吉光凤羽	Furniture_xianding9	34	4837	4837		FurnitureItem	999	由工艺极高的匠师特为[FF69B4]「武林十大美女」[-]定制的摆设，象征魅力、优雅、高贵		1	1	1000	7	1	1	99999	10008										
4838	火凤金鸾地衣（心形）	Furniture_xianding10	34	4838	4838		FurnitureItem	999	由襄阳城绣坊特为[FF69B4]「本服十大美女」[-]定制的地衣，传闻世上有一对神鸟，名鸾凤，情比金坚，不离不弃，其羽绚丽多姿，光华夺目		1	1	1000	6	1	1	99999	10009										
5238	武林至尊	Furniture_xianding11	34	5238	5238		FurnitureItem	999	武林大会，天下至尊！\n[FFFE0D]获得途径：成功夺得武林大会冠军[-]		1	1	1000	7	1	1	99999	10010										
5239	金童	Furniture_xianding12	34	5239	5239		FurnitureItem	999	以上等金锭雕塑而成的金童，与玉女雕像是一对，象征爱情永恒不变		1	1	1000	6	1	1	99999	10011										
5240	玉女	Furniture_xianding13	34	5240	5240		FurnitureItem	999	以上等金锭雕塑而成的玉女，与金童雕像是一对，象征爱情永恒不变		1	1	1000	6	1	1	99999	10012										
5241	婚床·晚樱连理	Furniture_xianding14	34	5241	5241		FurnitureItem	999	由红娘托家具坊特为完婚侠侣定制的婚床，通过完成[FFFE0D]庄园·晚樱连理[-]婚礼后获得\n\n[FFFE0D]摆放后，只有家园的主人及其伴侣可使用[-]		1	1	1000	4	1	1	99999	10013										
5242	婚床·红鸾揽月	Furniture_xianding15	34	5242	5242		FurnitureItem	999	由红娘托家具坊特为完婚侠侣定制的婚床，通过完成[FFFE0D]海岛·红鸾揽月[-]婚礼后获得\n\n[FFFE0D]摆放后，只有家园的主人及其伴侣可使用[-]		1	1	1000	5	1	1	99999	10014										
5243	婚床·乘龙配凤	Furniture_xianding16	34	5243	5243		FurnitureItem	999	由红娘托家具坊特为完婚侠侣定制的婚床，通过完成[FFFE0D]舫舟·乘龙配凤[-]婚礼后获得\n\n[FFFE0D]摆放后，只有家园的主人及其伴侣可使用[-]		1	1	1000	6	1	1	99999	10015										
5244	浴盆·晚樱连理	Furniture_xianding17	34	5244	5244		FurnitureItem	999	由红娘托家具坊特为完婚侠侣定制的浴盆，通过完成[FFFE0D]庄园·晚樱连理[-]婚礼后获得\n\n[FFFE0D]摆放后，只有家园的主人及其伴侣可使用[-]		1	1	1000	4	1	1	99999	10016										
5245	浴盆·红鸾揽月	Furniture_xianding18	34	5245	5245		FurnitureItem	999	由红娘托家具坊特为完婚侠侣定制的浴盆，通过完成[FFFE0D]海岛·红鸾揽月[-]婚礼后获得\n\n[FFFE0D]摆放后，只有家园的主人及其伴侣可使用[-]		1	1	1000	5	1	1	99999	10017										
5246	浴盆·乘龙配凤	Furniture_xianding19	34	5246	5246		FurnitureItem	999	由红娘托家具坊特为完婚侠侣定制的浴盆，通过完成[FFFE0D]舫舟·乘龙配凤[-]婚礼后获得\n\n[FFFE0D]摆放后，只有家园的主人及其伴侣可使用[-]		1	1	1000	6	1	1	99999	10018										
5256	永结同心	Furniture_xianding20	34	5256	5256		FurnitureItem	999	由红娘托家具坊特为完婚侠侣定制的挂饰，象征侠侣双方心心相连、白头偕老		1	1	1000	5	1	1	99999	10019										
6006	新颖图屏风	Furniture_xianding21	34	6006	6006		FurnitureItem	999	有名家拜访「新颖小筑」，后以其屋主为模作画，加以上等紫檀木而制成的屏风		1	1	1000	6	1	1	99999	10020										
6215	结婚-普通椅子	Furniture_xianding22	34	6006	6006		FurnitureItem	999	结婚-普通椅子		1	1	1000	4	1	1	99999	10021										
6216	结婚-普通空桌	Furniture_xianding23	34	6006	6006		FurnitureItem	999	结婚-普通空桌		1	1	1000	4	1	1	99999	10022										
6217	结婚-普通满桌	Furniture_xianding24	34	6006	6006		FurnitureItem	999	结婚-普通满桌		1	1	1000	4	1	1	99999	10023										
6218	结婚-隆重椅子	Furniture_xianding25	34	6006	6006		FurnitureItem	999	结婚-隆重椅子		1	1	1000	5	1	1	99999	10024										
6219	结婚-隆重空桌	Furniture_xianding26	34	6006	6006		FurnitureItem	999	结婚-隆重空桌		1	1	1000	5	1	1	99999	10025										
6220	结婚-隆重满桌	Furniture_xianding27	34	6006	6006		FurnitureItem	999	结婚-隆重满桌		1	1	1000	5	1	1	99999	10026										
6221	结婚-豪华椅子	Furniture_xianding28	34	6006	6006		FurnitureItem	999	结婚-豪华椅子		1	1	1000	6	1	1	99999	10027										
6222	结婚-豪华空桌	Furniture_xianding29	34	6006	6006		FurnitureItem	999	结婚-豪华空桌		1	1	1000	6	1	1	99999	10028										
6223	结婚-豪华满桌	Furniture_xianding30	34	6006	6006		FurnitureItem	999	结婚-豪华满桌		1	1	1000	6	1	1	99999	10029										
7293	临安城王座	Furniture_xianding31	34	6006	6006		FurnitureItem	999	王座		1	1	1000	6	1	1	99999	10030										
7858	音乐盒	Furniture_xianding32	34	7858	7858		FurnitureItem	999	[FF69B4]一个精致的音乐盒，由名匠为本次活动精心打造。「剑侠好声音」地域前三、门派前三、获投8000票所获得的奖励[-]		1	1	1000	6	1	1	99999	10031										
7859	琵琶	Furniture_xianding33	34	7859	7859		FurnitureItem	999	[FF69B4]「剑侠好声音」[-]青睐队员前十		1	1	1000	6	1	1	99999	10032										
7860	助威造势	Furniture_xianding34	34	7860	7860		FurnitureItem	999	[FF69B4]气势磅礴，响彻云霄。「剑侠好声音」投票榜前十获得的奖励[-]		1	1	1000	6	1	1	99999	10033										
7861	天音鸣凤	Furniture_xianding35	34	7861	7861		FurnitureItem	999	[FF69B4]天籁之音，声如鸣凤。「剑侠好声音」决赛前三所获得的奖励[-]		1	1	1000	7	1	1	99999	10034										
9535	阴阳无极	Furniture_xianding36	34	9535	9535		FurnitureItem	999	“阴阳无极”，暗含天地之理威力无穷，皇天贵胄命能人巧匠仿剑阵织造此物，镇宅邸驱恶辟邪。		1	1	1000	5	1	1	99999	10036										
10468	侠骨柔情	Furniture_xianding37	34	50049	50049		FurnitureItem	999	女侠节活动期间获得[FFFE0D]10[-]个以上[FFFE0D]自定义印象[-]获得此家具。		1	1	1000	5	1	1	99999	10037										
11066	华清池	Furniture_xianding38	34	50139	50139		FurnitureItem	999	使用后在家园中布置温泉，可同时容纳[FFFE0D]5人[-]同时沐浴		1	1	1000	6	1	1	99999	10038										
11192	鹦鹉	Furniture_xianding39	34	50141	50141		FurnitureItem	999	美丽华贵的鹦鹉，灵动可爱，更可以教导其说话		1	1	1000	6	1	1	99999	10039										
11367	义博青云	Furniture_xianding40	34	50155	50155		FurnitureItem	999	众志一心，百家争鸣。\n[FFFE0D]家族评选活动中获得[FFFE0D]粉丝榜前10[-]获得此家具[-]。		1	1	1000	6	1	1	99999	10040										
12012	琼花金杯	Furniture_xianding41	34	90128	90128		FurnitureItem	999	[FFFE0D]琼花杯大师赛[-]中战区内[FFFE0D]冠军[-]家族的[FFFE0D]领袖、族长、候选队员[-]获得此家具\n本家具限时[FFFE0D]90天[-]		1	1	1000	6	1	1	99999	10041										
12013	琼花银杯	Furniture_xianding42	34	90129	90129		FurnitureItem	999	[FFFE0D]琼花杯大师赛[-]中战区内[FFFE0D]亚军[-]家族的[FFFE0D]领袖、族长、候选队员[-]获得此家具\n本家具限时[FFFE0D]90天[-]		1	1	1000	5	1	1	99999	10042										
6825	「一楼」红木地板	Furniture_1floor_diban1	34	6825	6825		HouseWaiYiItem	999	放入家园装饰后可改变家园的装修方案，可任意切换[FFFE0D]室内一楼地板[-]的样式。\n\n[FF6464FF]需4级及以上家园才可装饰该地板[-]		1	1	1000	5	1	1	99999	1										
7074	「一楼」青石地板	Furniture_1floor_diban2	34	7074	7074		HouseWaiYiItem	999	放入家园装饰后可改变家园的装修方案，可任意切换[FFFE0D]室内一楼地板[-]的样式。\n\n[FF6464FF]需4级及以上家园才可装饰该地板[-]		1	1	1000	5	1	1	99999	2										
7075	「一楼」瓷砖地板	Furniture_1floor_diban3	34	7075	7075		HouseWaiYiItem	999	放入家园装饰后可改变家园的装修方案，可任意切换[FFFE0D]室内一楼地板[-]的样式。\n\n[FF6464FF]需4级及以上家园才可装饰该地板[-]		1	1	1000	3	1	1	99999	3										
7076	「一楼」橡木地板	Furniture_1floor_diban4	34	7076	7076		HouseWaiYiItem	999	放入家园装饰后可改变家园的装修方案，可任意切换[FFFE0D]室内一楼地板[-]的样式。\n\n[FF6464FF]需1级及以上家园才可装饰该地板[-]		1	1	1000	4	1	1	99999	4										
6826	「一楼」寿纹鎏金墙壁	Furniture_1floor_qiangbi1	34	6826	6826		HouseWaiYiItem	999	放入家园装饰后可改变家园的装修方案，可任意切换[FFFE0D]室内一楼墙壁[-]的样式。\n\n[FF6464FF]需4级及以上家园才可装饰该墙壁[-]		1	1	1000	5	1	1	99999	1000										
7077	「一楼」万福雕纹墙壁	Furniture_1floor_qiangbi2	34	7077	7077		HouseWaiYiItem	999	放入家园装饰后可改变家园的装修方案，可任意切换[FFFE0D]室内一楼墙壁[-]的样式。\n\n[FF6464FF]需4级及以上家园才可装饰该墙壁[-]		1	1	1000	5	1	1	99999	1001										
7078	「一楼」莲蓬亚麻墙壁	Furniture_1floor_qiangbi3	34	7078	7078		HouseWaiYiItem	999	放入家园装饰后可改变家园的装修方案，可任意切换[FFFE0D]室内一楼墙壁[-]的样式。\n\n[FF6464FF]需1级及以上家园才可装饰该墙壁[-]		1	1	1000	3	1	1	99999	1002										
7079	「一楼」素草编织墙壁	Furniture_1floor_qiangbi4	34	7079	7079		HouseWaiYiItem	999	放入家园装饰后可改变家园的装修方案，可任意切换[FFFE0D]室内一楼墙壁[-]的样式。\n\n[FF6464FF]需1级及以上家园才可装饰该墙壁[-]		1	1	1000	3	1	1	99999	1003										
7080	「二楼」红木地板	Furniture_2floor_diban1	34	6825	6825		HouseWaiYiItem	999	放入家园装饰后可改变家园的装修方案，可任意切换[FFFE0D]室内二楼地板[-]的样式。\n\n[FF6464FF]需7级及以上家园才可装饰该地板[-]		1	1	1000	5	1	1	99999	2000										
7081	「二楼」青石地板	Furniture_2floor_diban2	34	7074	7074		HouseWaiYiItem	999	放入家园装饰后可改变家园的装修方案，可任意切换[FFFE0D]室内二楼地板[-]的样式。\n\n[FF6464FF]需7级及以上家园才可装饰该地板[-]		1	1	1000	3	1	1	99999	2001										
7082	「二楼」红木描金墙壁	Furniture_2floor_qiangbi1	34	7082	7082		HouseWaiYiItem	999	放入家园装饰后可改变家园的装修方案，可任意切换[FFFE0D]室内二楼墙壁[-]的样式。\n\n[FF6464FF]需7级及以上家园才可装饰该墙壁[-]		1	1	1000	5	1	1	99999	3000										
4427	苗圃	Furniture_tiandi1	34	4427	4427		FurnitureItem	999	摆放后可以用于种植树木，收成时可以获得家具材料[FFFE0D]“木材”[-]		1	1	1000	6	1	1	99999	20000										
6019	主座	Furniture_zhuzuo	34	100	100		FurnitureItem	999	虚拟主座		1	1	1000	6	1	1	99999	30000										
4296	松木	Material_mu_Level1	34	4296	4296		QuickBuyFromMS	999	材料等级：[64db00]1级[-]\n\n松木具有松香味，色泽淡黄，经久耐用。\n\n[FFFE0D]部分1级家具制作时的原材料[-]\n\n主要产出途径：[64db00]家园种植[-]	40000	1	1	1000	2	1	1	99999											
4297	桦木	Material_mu_Level2	34	4297	4297		QuickBuyFromMS	999	材料等级：[11adf6]2级[-]\n\n桦木树质细腻偏软，易加工，纹理清晰美观。\n\n[FFFE0D]部分2级家具制作时的原材料[-]\n\n主要产出途径：[64db00]家园种植[-]	100000	2	1	1000	3	1	1	99999											
4298	核桃木	Material_mu_Level3	34	4298	4298		QuickBuyFromMS	999	材料等级：[aa62fc]3级[-]\n\n核桃木材色悦目、雅致，带有明显的深色或黑色条纹。\n\n[FFFE0D]部分3级家具制作时的原材料[-]\n\n主要产出途径：[64db00]家园种植[-]	200000	3	1	1000	4	1	1	99999											
4299	香樟木	Material_mu_Level4	34	4299	4299		QuickBuyFromMS	999	材料等级：[ff578c]4级[-]\n\n香樟木木质细密、纹理细腻、花纹精美，质地坚韧而且轻柔。\n\n[FFFE0D]部分4级家具制作时的原材料[-]\n\n主要产出途径：[64db00]家园种植[-]	400000	4	1	1000	5	1	1	99999											
4300	紫檀木	Material_mu_Level5	34	4300	4300		QuickBuyFromMS	999	材料等级：[ff8f06]5级[-]\n\n紫檀木木材坚硬致密，心材红色，为优良的建筑、乐器及家具用材。\n\n[FFFE0D]部分5级家具制作时的原材料[-]\n\n主要产出途径：[64db00]家园种植[-]	800000	5	1	1000	6	1	1	99999											
10975	黄花梨木	Material_mu_Level6	34	4326	4326		QuickBuyFromMS	999	材料等级：[ff8f06]6级[-]\n\n黄花梨木木材色泽黄润、材质细密、纹理柔美、香气泌人。\n\n[FFFE0D]部分6级家具制作时的原材料[-]\n\n主要产出途径：[64db00]家园种植[-]	1600000	6	1	1000	6	1	1	99999											
10976	金丝楠木	Material_mu_Level7	34	4327	4327		QuickBuyFromMS	999	材料等级：[e6d012]7级[-]\n\n金丝楠木木材色浅橙黄略灰，木性温润平和细腻通达，纹理淡雅文静，有的显现山水或虎斑纹，自古都是皇家文化符号的象征，被称为“皇帝木”。\n\n[FFFE0D]部分7级家具制作时的原材料[-]\n\n主要产出途径：[64db00]家园种植[-]	3200000	7	1	1000	7	1	1	99999											
4301	麻布	Material_sichou_Level1	34	4301	4301		QuickBuyFromMS	999	材料等级：[64db00]1级[-]\n\n植物纤维织成的布，具有耐洗、耐晒、防腐等特点。\n\n[FFFE0D]部分1级家具制作时的原材料[-]	40000	1	1	1000	2	1	1	99999											
4302	府绸	Material_sichou_Level2	34	4302	4302		QuickBuyFromMS	999	材料等级：[11adf6]2级[-]\n\n一种质地细密、平滑而有光泽的平纹棉织品。\n\n[FFFE0D]部分2级家具制作时的原材料[-]\n\n主要产出途径：[64db00]攻城战[-]	100000	2	1	1000	3	1	1	99999											
4303	素软缎	Material_sichou_Level3	34	4303	4303		QuickBuyFromMS	999	材料等级：[aa62fc]3级[-]\n\n素软缎色泽鲜艳、质地柔软，缎面光滑如镜。\n\n[FFFE0D]部分3级家具制作时的原材料[-]\n\n主要产出途径：[64db00]攻城战[-]	200000	3	1	1000	4	1	1	99999											
4304	宋锦	Material_sichou_Level4	34	4304	4304		QuickBuyFromMS	999	材料等级：[ff578c]4级[-]\n\n宋锦图案精美、色彩典雅、平整挺括、古色古香。\n\n[FFFE0D]部分4级家具制作时的原材料[-]\n\n主要产出途径：[64db00]攻城战[-]	400000	4	1	1000	5	1	1	99999											
4305	织金锦	Material_sichou_Level5	34	4305	4305		QuickBuyFromMS	999	材料等级：[ff8f06]5级[-]\n\n以金缕或金箔切成的金丝作纬线织制的锦。\n\n[FFFE0D]部分5级家具制作时的原材料[-]\n\n主要产出途径：[64db00]攻城战[-]	800000	5	1	1000	6	1	1	99999											
10977	锦绣绫鸾缎	Material_sichou_Level6	34	4328	4328		QuickBuyFromMS	999	材料等级：[ff8f06]6级[-]\n\n取极品天蚕丝皆用名贵染料染色，再以精湛工艺织结成缎。\n\n[FFFE0D]部分6级家具制作时的原材料[-]\n\n主要产出途径：[64db00]攻城战[-]	1600000	6	1	1000	6	1	1	99999											
10978	宝相绣金缕	Material_sichou_Level7	34	4329	4329		QuickBuyFromMS	999	材料等级：[e6d012]7级[-]\n\n绝品藏羊绒纺成精缕，混入足金金粉，寸尺寸金，名贵异常。\n\n[FFFE0D]部分7级家具制作时的原材料[-]\n\n主要产出途径：[64db00]攻城战[-]	3200000	7	1	1000	7	1	1	99999											
4306	生铁	Material_jinshu_Level1	34	4306	4306		QuickBuyFromMS	999	材料等级：[64db00]1级[-]\n\n生铁质地坚硬、耐磨、铸造性好。\n\n[FFFE0D]部分1级家具制作时的原材料[-]	40000	1	1	1000	2	1	1	99999											
4307	铜锭	Material_jinshu_Level2	34	4307	4307		QuickBuyFromMS	999	材料等级：[11adf6]2级[-]\n\n由铜熔铸而成，表面平滑，色泽呈深褐色。\n\n[FFFE0D]部分2级家具制作时的原材料[-]\n\n主要产出途径：[64db00]武林盟主[-]	100000	2	1	1000	3	1	1	99999											
4308	百炼钢	Material_jinshu_Level3	34	4308	4308		QuickBuyFromMS	999	材料等级：[aa62fc]3级[-]\n\n一锻一轻，至累锻而斤两不减，则纯钢也。\n\n[FFFE0D]部分3级家具制作时的原材料[-]\n\n主要产出途径：[64db00]武林盟主[-]	200000	3	1	1000	4	1	1	99999											
4309	银锭	Material_jinshu_Level4	34	4309	4309		QuickBuyFromMS	999	材料等级：[ff578c]4级[-]\n\n由白银熔铸而成，表面平滑，色泽白润而沉稳。\n\n[FFFE0D]部分4级家具制作时的原材料[-]\n\n主要产出途径：[64db00]武林盟主[-]	400000	4	1	1000	5	1	1	99999											
4310	金锭	Material_jinshu_Level5	34	4310	4310		QuickBuyFromMS	999	材料等级：[ff8f06]5级[-]\n\n由黄金熔铸而成，表面平滑，有强烈金属光泽，不氧化、耐腐蚀。\n\n[FFFE0D]部分5级家具制作时的原材料[-]\n\n主要产出途径：[64db00]武林盟主[-]	800000	5	1	1000	6	1	1	99999											
10979	乌金寒铁	Material_jinshu_Level6	34	4330	4330		QuickBuyFromMS	999	材料等级：[ff8f06]6级[-]\n\n从昆仑山山巅之阴寒铁矿中提炼而出，色泽乌亮，坚硬异常。\n\n[FFFE0D]部分6级家具制作时的原材料[-]\n\n主要产出途径：[64db00]武林盟主[-]	1600000	6	1	1000	6	1	1	99999											
10980	玄赤精金	Material_jinshu_Level7	34	4331	4331		QuickBuyFromMS	999	材料等级：[e6d012]7级[-]\n\n从天陨落而得，当世少有，任何兵器皆不能伤其分毫。其色黑红，沉重异常。\n\n[FFFE0D]部分7级家具制作时的原材料[-]\n\n主要产出途径：[64db00]武林盟主[-]	3200000	7	1	1000	7	1	1	99999											
4311	玛瑙	Material_yu_Level1	34	4311	4311		QuickBuyFromMS	999	材料等级：[64db00]1级[-]\n\n质地坚硬、有胶质感，色泽艳丽明快，纹理自然流畅。\n\n[FFFE0D]部分1级家具制作时的原材料[-]	40000	1	1	1000	2	1	1	99999											
4312	琉璃	Material_yu_Level2	34	4312	4312		QuickBuyFromMS	999	材料等级：[11adf6]2级[-]\n\n青铜器铸造时经过提炼加工后制成，有五色石之称。\n\n[FFFE0D]部分2级家具制作时的原材料[-]\n\n主要产出途径：[64db00]家族试炼、攻城战[-]	100000	2	1	1000	3	1	1	99999											
4313	珍珠	Material_yu_Level3	34	4313	4313		QuickBuyFromMS	999	材料等级：[aa62fc]3级[-]\n\n具有瑰丽色彩和高雅气质的珍珠，象征着健康、纯洁、富有和幸福。\n\n[FFFE0D]部分3级家具制作时的原材料[-]\n\n主要产出途径：[64db00]家族试炼、攻城战[-]	200000	3	1	1000	4	1	1	99999											
4314	岫岩玉	Material_yu_Level4	34	4314	4314		QuickBuyFromMS	999	材料等级：[ff578c]4级[-]\n\n质地坚实而温润，细腻而圆融，色泽呈绿色至湖水绿。\n\n[FFFE0D]部分4级家具制作时的原材料[-]\n\n主要产出途径：[64db00]家族试炼、攻城战[-]	400000	4	1	1000	5	1	1	99999											
4315	翡翠	Material_yu_Level5	34	4315	4315		QuickBuyFromMS	999	材料等级：[ff8f06]5级[-]\n\n质地坚硬，颜色清澈纯正、鲜嫩漂亮，表面呈现玻璃光泽。\n\n[FFFE0D]部分5级家具制作时的原材料[-]\n\n主要产出途径：[64db00]家族试炼、攻城战[-]	800000	5	1	1000	6	1	1	99999											
10981	冰彩玉髓	Material_yu_Level6	34	4332	4332		QuickBuyFromMS	999	材料等级：[ff8f06]6级[-]\n\n质地致密细腻，滋润柔和，具油脂光泽，晶莹欲滴，却又给人以柔中见刚之感。手感细腻柔美，有丝绸般的质感。\n\n[FFFE0D]部分6级家具制作时的原材料[-]\n\n主要产出途径：[64db00]家族试炼、攻城战[-]	1600000	6	1	1000	6	1	1	99999											
10982	绿松金丝玉	Material_yu_Level7	34	4333	4333		QuickBuyFromMS	999	材料等级：[e6d012]7级[-]\n\n质地细密，形似松球，色近松绿，富有层次，有玉石之蕴，如露之欲滴。\n\n[FFFE0D]部分7级家具制作时的原材料[-]\n\n主要产出途径：[64db00]家族试炼、攻城战[-]	3200000	7	1	1000	7	1	1	99999											
4316	鹿皮	Material_maopi_Level1	34	4316	4316		QuickBuyFromMS	999	材料等级：[64db00]1级[-]\n\n质感柔软，结实，美观。\n\n[FFFE0D]部分1级家具制作时的原材料[-]	40000	1	1	1000	2	1	1	99999											
4317	羊皮	Material_maopi_Level2	34	4317	4317		QuickBuyFromMS	999	材料等级：[11adf6]2级[-]\n\n质感滑爽、丰满，皮面上的羊毛柔软富有弹性。\n\n[FFFE0D]部分2级家具制作时的原材料[-]\n\n主要产出途径：[64db00]历代名将[-]	100000	2	1	1000	3	1	1	99999											
4318	貂皮	Material_maopi_Level3	34	4318	4318		QuickBuyFromMS	999	材料等级：[aa62fc]3级[-]\n\n皮板优良，轻柔结实，毛绒丰厚，色泽光润。\n\n[FFFE0D]部分3级家具制作时的原材料[-]\n\n主要产出途径：[64db00]历代名将[-]	200000	3	1	1000	4	1	1	99999											
4319	虎皮	Material_maopi_Level4	34	4319	4319		QuickBuyFromMS	999	材料等级：[ff578c]4级[-]\n\n斑纹清晰美观，质感结实富有弹性。\n\n[FFFE0D]部分4级家具制作时的原材料[-]\n\n主要产出途径：[64db00]历代名将[-]	400000	4	1	1000	5	1	1	99999											
4320	熊皮	Material_maopi_Level5	34	4320	4320		QuickBuyFromMS	999	材料等级：[ff8f06]5级[-]\n\n针毛粗长、绒毛厚密，质感柔软结实。\n\n[FFFE0D]部分5级家具制作时的原材料[-]\n\n主要产出途径：[64db00]历代名将[-]	800000	5	1	1000	6	1	1	99999											
10983	银狐皮	Material_maopi_Level6	34	4334	4334		QuickBuyFromMS	999	材料等级：[ff8f06]6级[-]\n\n毛绒细柔丰厚，皮板轻薄，御寒性强。\n\n[FFFE0D]部分6级家具制作时的原材料[-]\n\n主要产出途径：[64db00]历代名将[-]	1600000	6	1	1000	6	1	1	99999											
10984	海龙皮	Material_maopi_Level7	34	4335	4335		QuickBuyFromMS	999	材料等级：[e6d012]7级[-]\n\n毛皮显棕色，质地纤细柔软，富有光泽度。\n\n[FFFE0D]部分7级家具制作时的原材料[-]\n\n主要产出途径：[64db00]历代名将[-]	3200000	7	1	1000	7	1	1	99999											
4321	青石	Material_shitou_Level1	34	4321	4321		QuickBuyFromMS	999	材料等级：[64db00]1级[-]\n\n大自然中一种非常常见的岩石。\n\n[FFFE0D]部分1级家具制作时的原材料[-]	40000	1	1	1000	2	1	1	99999											
4322	花岗岩	Material_shitou_Level2	34	4322	4322		QuickBuyFromMS	999	材料等级：[11adf6]2级[-]\n\n花岗岩不易风化，颜色美观，外观色泽可保持百年以上。\n\n[FFFE0D]部分2级家具制作时的原材料[-]\n\n主要产出途径：[64db00]武神殿[-]	100000	2	1	1000	3	1	1	99999											
4323	大理石	Material_shitou_Level3	34	4323	4323		QuickBuyFromMS	999	材料等级：[aa62fc]3级[-]\n\n大理石石面色泽光润，自然纹理清晰美观。\n\n[FFFE0D]部分3级家具制作时的原材料[-]\n\n主要产出途径：[64db00]武神殿[-]	200000	3	1	1000	4	1	1	99999											
4324	雨花石	Material_shitou_Level4	34	4324	4324		QuickBuyFromMS	999	材料等级：[ff578c]4级[-]\n\n石中珍品，有“石中皇后”之称，被誉为“天赐国宝，中华一绝”。\n\n[FFFE0D]部分4级家具制作时的原材料[-]\n\n主要产出途径：[64db00]武神殿[-]	400000	4	1	1000	5	1	1	99999											
4325	天河石	Material_shitou_Level5	34	4325	4325		QuickBuyFromMS	999	材料等级：[ff8f06]5级[-]\n\n颜色纯正，质地明亮，半透明至微透明，与翡翠相似。\n\n[FFFE0D]部分5级家具制作时的原材料[-]\n\n主要产出途径：[64db00]武神殿[-]	800000	5	1	1000	6	1	1	99999											
10985	寿山紫云石	Material_shitou_Level6	34	4336	4336		QuickBuyFromMS	999	材料等级：[ff8f06]6级[-]\n\n石质晶莹、脂润、色彩斑斓，色泽浑然天成，色界分明。\n\n[FFFE0D]部分6级家具制作时的原材料[-]\n\n主要产出途径：[64db00]武神殿[-]	1600000	6	1	1000	6	1	1	99999											
10986	青金孔雀石	Material_shitou_Level7	34	4337	4337		QuickBuyFromMS	999	材料等级：[e6d012]7级[-]\n\n深蓝纯正，无裂纹、质地细腻，其色相如天。\n\n[FFFE0D]部分7级家具制作时的原材料[-]\n\n主要产出途径：[64db00]武神殿[-]	3200000	7	1	1000	7	1	1	99999											
7694	1级聚宝盆	Furniture_Treasure_1	34	5801	5801		FurnitureItem	999	摆放后可以使用聚宝盆		1	1	1000	6	1	1	99999	11001										
7695	2级聚宝盆	Furniture_Treasure_2	34	5802	5802		FurnitureItem	999	摆放后可以使用聚宝盆		1	1	1000	6	1	1	99999	11002										
7696	3级聚宝盆	Furniture_Treasure_3	34	5803	5803		FurnitureItem	999	摆放后可以使用聚宝盆		1	1	1000	6	1	1	99999	11003										
7697	4级聚宝盆	Furniture_Treasure_4	34	5803	5803		FurnitureItem	999	摆放后可以使用聚宝盆		1	1	1000	6	1	1	99999	11004										
7698	5级聚宝盆	Furniture_Treasure_5	34	5803	5803		FurnitureItem	999	摆放后可以使用聚宝盆		1	1	1000	6	1	1	99999	11005										
10659	星芒·云魅灵鹿	Furniture_Horse_1	34	4868	4868		FurnitureItem	999	使用后可将对应坐骑放置在家园中	20000000	1	1	1000	7	1	1	99999	12001										
10942	粉黛掠影	Furniture_Horse_2	34	50064	50064		FurnitureItem	999	使用后可将对应坐骑放置在家园中	5000000	1	1	1000	5	1	1	99999	12002										
10943	凛冬咆哮	Furniture_Horse_3	34	50054	50054		FurnitureItem	999	使用后可将对应坐骑放置在家园中	20000000	1	1	1000	7	1	1	99999	12003										
10944	踢金毛犀	Furniture_Horse_4	34	50055	50055		FurnitureItem	999	使用后可将对应坐骑放置在家园中	20000000	1	1	1000	7	1	1	99999	12004										
10945	汉月碎银	Furniture_Horse_5	34	9598	9598		FurnitureItem	999	使用后可将对应坐骑放置在家园中	20000000	1	1	1000	7	1	1	99999	12005										
11252	寒霜	Furniture_Horse_6	34				FurnitureItem	999	使用后可将对应坐骑放置在家园中	2000000	1	1	1000	5	1	1	99999	12006										108
11253	寒霜倩影	Furniture_Horse_7	34				FurnitureItem	999	使用后可将对应坐骑放置在家园中	10000000	1	1	1000	6	1	1	99999	12007										109
11254	炽影	Furniture_Horse_8	34				FurnitureItem	999	使用后可将对应坐骑放置在家园中	2000000	1	1	1000	5	1	1	99999	12008										129
11255	小黑	Furniture_Horse_9	34				FurnitureItem	999	使用后可将对应坐骑放置在家园中	1000000	1	1	1000	5	1	1	99999	12009										110
11256	紫幽灵鹿	Furniture_Horse_10	34	4865	4865		FurnitureItem	999	使用后可将对应坐骑放置在家园中	3000000	1	1	1000	5	1	1	99999	12010										
11257	云魅灵鹿	Furniture_Horse_11	34	4866	4866		FurnitureItem	999	使用后可将对应坐骑放置在家园中	5000000	1	1	1000	5	1	1	99999	12011										
11258	福瑞灵鹿	Furniture_Horse_12	34				FurnitureItem	999	使用后可将对应坐骑放置在家园中	2000000	1	1	1000	5	1	1	99999	12012										127
11259	踢金·蓝湛灵鹿	Furniture_Horse_13	34	40005	40005		FurnitureItem	999	使用后可将对应坐骑放置在家园中	20000000	1	1	1000	7	1	1	99999	12013										
11260	螭魅雪狐	Furniture_Horse_14	34	7712	7712		FurnitureItem	999	使用后可将对应坐骑放置在家园中	10000000	1	1	1000	6	1	1	99999	12014										
11261	幽炎·螭魅雪狐	Furniture_Horse_15	34	7713	7713		FurnitureItem	999	使用后可将对应坐骑放置在家园中	20000000	1	1	1000	7	1	1	99999	12015										
11262	血瞳·月绝	Furniture_Horse_16	34	7535	7535		FurnitureItem	999	使用后可将对应坐骑放置在家园中	5000000	1	1	1000	5	1	1	99999	12016										
11263	血瞳·啸霜	Furniture_Horse_17	34	8252	8252		FurnitureItem	999	使用后可将对应坐骑放置在家园中	5000000	1	1	1000	5	1	1	99999	12017										
11264	血瞳·荒尘	Furniture_Horse_18	34	8253	8253		FurnitureItem	999	使用后可将对应坐骑放置在家园中	3000000	1	1	1000	5	1	1	99999	12018										
11265	血瞳·清穹	Furniture_Horse_19	34	8273	8273		FurnitureItem	999	使用后可将对应坐骑放置在家园中	3000000	1	1	1000	5	1	1	99999	12019										
11266	炽羽灼心	Furniture_Horse_20	34	10258	10258		FurnitureItem	999	使用后可将对应坐骑放置在家园中	20000000	1	1	1000	7	1	1	99999	12020										
11267	雷霆怒吼	Furniture_Horse_21	34	50142	50142		FurnitureItem	999	使用后可将对应坐骑放置在家园中	20000000	1	1	1000	7	1	1	99999	12021										
11268	冰魂雪魄	Furniture_Horse_22	34	50143	50143		FurnitureItem	999	使用后可将对应坐骑放置在家园中	20000000	1	1	1000	7	1	1	99999	12022										
11826	追风	Furniture_Horse_23	34	50167	50167		FurnitureItem	999	使用后可将对应坐骑放置在家园中	5000000	1	1	1000	5	1	1	99999	12023										
11827	追风	Furniture_Horse_24	34	50167	50167		FurnitureItem	999	使用后可将对应坐骑放置在家园中	20000000	1	1	1000	7	1	1	99999	12024										
11828	昆仑玄影	Furniture_Horse_25	34	50168	50168		FurnitureItem	999	使用后可将对应坐骑放置在家园中	5000000	1	1	1000	5	1	1	99999	12025										
11829	昆仑玄影	Furniture_Horse_26	34	50168	50168		FurnitureItem	999	使用后可将对应坐骑放置在家园中	20000000	1	1	1000	7	1	1	99999	12026										
11915	幽魂·踏霜	Furniture_Horse_27	34	50173	50173		FurnitureItem	999	使用后可将对应坐骑放置在家园中	20000000	1	1	1000	7	1	1	99999	12027										
11642	灶台	Furniture_zaotai1	34	90090	90090		FurnitureItem	999	使用后可在家园布置灶台，灶台可以用于烹饪		1	1	1000	4	1	1	99999	20002										
