Index	NpcName	TitleID	NpcTemplateId	WalkNearLength	CanAutoPath	NpcLevel	XPos	YPos	StandDir	Quantity	NpcType	NpcCamp	NpcDroprate	NpcSeriesAuto	NpcSeriesMetal	NpcSeriesWood	NpcSeriesWater	NpcSeriesFire	NpcSeriesEarth	Removewhendeath	ChangeColorScheme
yewai_90_pk_1	蛮熊		2047	50		100	5089	15326	0	0	-1	0	0	-1	0	0	0	0	0	0	0
yewai_90_pk_1	蛮熊		2047	50		100	4919	15493	0	0	-1	0	0	-1	0	0	0	0	0	0	0
yewai_90_pk_1	蛮熊		2047	50		100	5051	16056	0	0	-1	0	0	-1	0	0	0	0	0	0	0
yewai_90_pk_1	蛮熊		2047	50		100	4888	16162	0	0	-1	0	0	-1	0	0	0	0	0	0	0
yewai_90_pk_1	蛮熊		2047	50		100	5217	15887	0	0	-1	0	0	-1	0	0	0	0	0	0	0
yewai_90_pk_1	蛮熊		2047	50		100	5010	15900	0	0	-1	0	0	-1	0	0	0	0	0	0	0
yewai_90_pk_1	蛮熊		2047	50		100	5083	15730	0	0	-1	0	0	-1	0	0	0	0	0	0	0
yewai_90_pk_1	蛮熊		2047	50		100	5141	15561	0	0	-1	0	0	-1	0	0	0	0	0	0	0
yewai_90_pk_1	蛮熊		2047	50		100	4869	15801	0	0	-1	0	0	-1	0	0	0	0	0	0	0
yewai_90_pk_1	蛮熊		2047	50		100	4777	15666	0	0	-1	0	0	-1	0	0	0	0	0	0	0
yewai_90_pk_1	蛮熊		2047	50		100	4745	15944	0	0	-1	0	0	-1	0	0	0	0	0	0	0
yewai_90_pk_1	蛮熊		2047	50		100	5326	16133	0	0	-1	0	0	-1	0	0	0	0	0	0	0
yewai_90_pk_1	蛮熊		2047	50		100	5192	16280	0	0	-1	0	0	-1	0	0	0	0	0	0	0
yewai_90_pk_1	蛮熊		2047	50		100	5435	15730	0	0	-1	0	0	-1	0	0	0	0	0	0	0
yewai_90_pk_1	蛮熊		2047	50		100	5767	15660	0	0	-1	0	0	-1	0	0	0	0	0	0	0
yewai_90_pk_1	蛮熊		2047	50		100	5620	15452	0	0	-1	0	0	-1	0	0	0	0	0	0	0
yewai_90_pk_1	蛮熊		2047	50		100	5582	15673	0	0	-1	0	0	-1	0	0	0	0	0	0	0
yewai_90_pk_1	蛮熊		2047	50		100	5336	15583	0	0	-1	0	0	-1	0	0	0	0	0	0	0
yewai_90_pk_1	蛮熊		2047	50		100	5355	15356	0	0	-1	0	0	-1	0	0	0	0	0	0	0
yewai_90_pk_1	蛮熊		2047	50		100	5400	15938	0	0	-1	0	0	-1	0	0	0	0	0	0	0
yewai_90_pk_1	蛮熊		2047	50		100	5614	16101	0	0	-1	0	0	-1	0	0	0	0	0	0	0
yewai_90_pk_1	蛮熊		2047	50		100	5441	16238	0	0	-1	0	0	-1	0	0	0	0	0	0	0
yewai_90_pk_1	蛮熊		2047	50		100	5591	15890	0	0	-1	0	0	-1	0	0	0	0	0	0	0
yewai_90_pk_1	蛮熊		2047	50		100	5754	15947	0	0	-1	0	0	-1	0	0	0	0	0	0	0
yewai_90_pk_1	蛮熊		2047	50		100	9904	16348	0	0	-1	0	0	-1	0	0	0	0	0	0	0
yewai_90_pk_1	蛮熊		2047	50		100	9556	15779	0	0	-1	0	0	-1	0	0	0	0	0	0	0
yewai_90_pk_1	蛮熊		2047	50		100	10039	16145	0	0	-1	0	0	-1	0	0	0	0	0	0	0
yewai_90_pk_1	蛮熊		2047	50		100	10112	15898	0	0	-1	0	0	-1	0	0	0	0	0	0	0
yewai_90_pk_1	蛮熊		2047	50		100	10109	15702	0	0	-1	0	0	-1	0	0	0	0	0	0	0
yewai_90_pk_1	蛮熊		2047	50		100	10286	15761	0	0	-1	0	0	-1	0	0	0	0	0	0	0
yewai_90_pk_1	蛮熊		2047	50		100	10209	15494	0	0	-1	0	0	-1	0	0	0	0	0	0	0
yewai_90_pk_1	蛮熊		2047	50		100	9982	15581	0	0	-1	0	0	-1	0	0	0	0	0	0	0
yewai_90_pk_1	蛮熊		2047	50		100	9886	15441	0	0	-1	0	0	-1	0	0	0	0	0	0	0
yewai_90_pk_1	蛮熊		2047	50		100	9684	15910	0	0	-1	0	0	-1	0	0	0	0	0	0	0
yewai_90_pk_1	蛮熊		2047	50		100	9647	15609	0	0	-1	0	0	-1	0	0	0	0	0	0	0
yewai_90_pk_1	蛮熊		2047	50		100	9560	15466	0	0	-1	0	0	-1	0	0	0	0	0	0	0
yewai_90_pk_1	蛮熊		2047	50		100	10237	16069	0	0	-1	0	0	-1	0	0	0	0	0	0	0
yewai_90_pk_1	蛮熊		2047	50		100	9404	15690	0	0	-1	0	0	-1	0	0	0	0	0	0	0
yewai_90_pk_1	蛮熊		2047	50		100	9451	15988	0	0	-1	0	0	-1	0	0	0	0	0	0	0
yewai_90_pk_1	蛮熊		2047	50		100	9758	16156	0	0	-1	0	0	-1	0	0	0	0	0	0	0
yewai_90_pk_1	蛮熊		2047	50		100	9920	15954	0	0	-1	0	0	-1	0	0	0	0	0	0	0
yewai_90_pk_1	蛮熊		2047	50		100	9864	15752	0	0	-1	0	0	-1	0	0	0	0	0	0	0
yewai_90_pk_1	蛮熊		2047	50		100	9665	16355	0	0	-1	0	0	-1	0	0	0	0	0	0	0
yewai_90_pk_1	蛮熊		2047	50		100	9494	16237	0	0	-1	0	0	-1	0	0	0	0	0	0	0
yewai_90_pk_1	蛮熊		2047	50		100	10386	16122	0	0	-1	0	0	-1	0	0	0	0	0	0	0
yewai_90_pk_1	蛮熊		2047	50		100	7926	13973	0	0	-1	0	0	-1	0	0	0	0	0	0	0
yewai_90_pk_1	蛮熊		2047	50		100	8199	14032	0	0	-1	0	0	-1	0	0	0	0	0	0	0
yewai_90_pk_1	蛮熊		2047	50		100	5814	13442	0	0	-1	0	0	-1	0	0	0	0	0	0	0
yewai_90_pk_1	蛮熊		2047	50		100	4926	13266	0	0	-1	0	0	-1	0	0	0	0	0	0	0
yewai_90_pk_1	蛮熊		2047	50		100	5149	13702	0	0	-1	0	0	-1	0	0	0	0	0	0	0
yewai_90_pk_1	蛮熊		2047	50		100	5412	13734	0	0	-1	0	0	-1	0	0	0	0	0	0	0
yewai_90_pk_1	蛮熊		2047	50		100	5444	13105	0	0	-1	0	0	-1	0	0	0	0	0	0	0
yewai_90_pk_1	蛮熊		2047	50		100	5774	12810	0	0	-1	0	0	-1	0	0	0	0	0	0	0
yewai_90_pk_1	蛮熊		2047	50		100	5388	12743	0	0	-1	0	0	-1	0	0	0	0	0	0	0
yewai_90_pk_1	蛮熊		2047	50		100	5201	12962	0	0	-1	0	0	-1	0	0	0	0	0	0	0
yewai_90_pk_1	蛮熊		2047	50		100	5002	12810	0	0	-1	0	0	-1	0	0	0	0	0	0	0
yewai_90_pk_1	蛮熊		2047	50		100	4775	13065	0	0	-1	0	0	-1	0	0	0	0	0	0	0
yewai_90_pk_1	蛮熊		2047	50		100	4942	13582	0	0	-1	0	0	-1	0	0	0	0	0	0	0
yewai_90_pk_1	蛮熊		2047	50		100	4739	13431	0	0	-1	0	0	-1	0	0	0	0	0	0	0
yewai_90_pk_1	蛮熊		2047	50		100	4907	13785	0	0	-1	0	0	-1	0	0	0	0	0	0	0
yewai_90_pk_1	蛮熊		2047	50		100	5628	13601	0	0	-1	0	0	-1	0	0	0	0	0	0	0
yewai_90_pk_1	蛮熊		2047	50		100	5606	13358	0	0	-1	0	0	-1	0	0	0	0	0	0	0
yewai_90_pk_1	蛮熊		2047	50		100	5370	13372	0	0	-1	0	0	-1	0	0	0	0	0	0	0
yewai_90_pk_1	蛮熊		2047	50		100	5167	13477	0	0	-1	0	0	-1	0	0	0	0	0	0	0
yewai_90_pk_1	蛮熊		2047	50		100	5156	13216	0	0	-1	0	0	-1	0	0	0	0	0	0	0
yewai_90_pk_1	蛮熊		2047	50		100	5639	13866	0	0	-1	0	0	-1	0	0	0	0	0	0	0
yewai_90_pk_1	蛮熊		2047	50		100	5268	13927	0	0	-1	0	0	-1	0	0	0	0	0	0	0
yewai_90_pk_1	蛮熊		2047	50		100	5773	13209	0	0	-1	0	0	-1	0	0	0	0	0	0	0
yewai_90_pk_1	蛮熊		2047	50		100	5631	13013	0	0	-1	0	0	-1	0	0	0	0	0	0	0
yewai_90_pk_1	蛮熊		2047	50		100	5958	13231	0	0	-1	0	0	-1	0	0	0	0	0	0	0
yewai_90_pk_1	蛮熊		2047	50		100	5951	13623	0	0	-1	0	0	-1	0	0	0	0	0	0	0
yewai_90_pk_1	蛮熊		2047	50		100	8157	11146	0	0	-1	0	0	-1	0	0	0	0	0	0	0
yewai_90_pk_1	蛮熊		2047	50		100	8267	12057	0	0	-1	0	0	-1	0	0	0	0	0	0	0
yewai_90_pk_1	蛮熊		2047	50		100	8548	11841	0	0	-1	0	0	-1	0	0	0	0	0	0	0
yewai_90_pk_1	蛮熊		2047	50		100	8430	11674	0	0	-1	0	0	-1	0	0	0	0	0	0	0
yewai_90_pk_1	蛮熊		2047	50		100	8377	11242	0	0	-1	0	0	-1	0	0	0	0	0	0	0
yewai_90_pk_1	蛮熊		2047	50		100	7885	11841	0	0	-1	0	0	-1	0	0	0	0	0	0	0
yewai_90_pk_1	蛮熊		2047	50		100	8312	11844	0	0	-1	0	0	-1	0	0	0	0	0	0	0
yewai_90_pk_1	蛮熊		2047	50		100	7695	11994	0	0	-1	0	0	-1	0	0	0	0	0	0	0
yewai_90_pk_1	蛮熊		2047	50		100	8517	11457	0	0	-1	0	0	-1	0	0	0	0	0	0	0
yewai_90_pk_1	蛮熊		2047	50		100	8659	11388	0	0	-1	0	0	-1	0	0	0	0	0	0	0
yewai_90_pk_1	蛮熊		2047	50		100	8776	11563	0	0	-1	0	0	-1	0	0	0	0	0	0	0
yewai_90_pk_1	蛮熊		2047	50		100	8751	11815	0	0	-1	0	0	-1	0	0	0	0	0	0	0
yewai_90_pk_1	蛮熊		2047	50		100	8670	12104	0	0	-1	0	0	-1	0	0	0	0	0	0	0
yewai_90_pk_1	蛮熊		2047	50		100	8480	12053	0	0	-1	0	0	-1	0	0	0	0	0	0	0
yewai_90_pk_1	蛮熊		2047	50		100	5596	11201	0	0	-1	0	0	-1	0	0	0	0	0	0	0
yewai_90_pk_1	蛮熊		2047	50		100	7625	11715	0	0	-1	0	0	-1	0	0	0	0	0	0	0
yewai_90_pk_1	蛮熊		2047	50		100	7718	11478	0	0	-1	0	0	-1	0	0	0	0	0	0	0
yewai_90_pk_1	蛮熊		2047	50		100	7878	11228	0	0	-1	0	0	-1	0	0	0	0	0	0	0
yewai_90_pk_1	蛮熊		2047	50		100	8007	11462	0	0	-1	0	0	-1	0	0	0	0	0	0	0
yewai_90_pk_1	蛮熊		2047	50		100	8237	11466	0	0	-1	0	0	-1	0	0	0	0	0	0	0
yewai_90_pk_1	蛮熊		2047	50		100	8120	11708	0	0	-1	0	0	-1	0	0	0	0	0	0	0
yewai_90_pk_1	蛮熊		2047	50		100	8069	12035	0	0	-1	0	0	-1	0	0	0	0	0	0	0
yewai_90_pk_1	蛮熊		2047	50		100	8430	12307	0	0	-1	0	0	-1	0	0	0	0	0	0	0
yewai_90_pk_1	蛮熊		2047	50		100	8149	12300	0	0	-1	0	0	-1	0	0	0	0	0	0	0
yewai_90_pk_1	蛮熊		2047	50		100	7876	12180	0	0	-1	0	0	-1	0	0	0	0	0	0	0
yewai_90_pk_1	蛮熊		2047	50		100	5634	11373	0	0	-1	0	0	-1	0	0	0	0	0	0	0
yewai_90_pk_1	蛮熊		2047	50		100	5299	11389	0	0	-1	0	0	-1	0	0	0	0	0	0	0
yewai_90_pk_1	蛮熊		2047	50		100	4972	10703	0	0	-1	0	0	-1	0	0	0	0	0	0	0
yewai_90_pk_1	蛮熊		2047	50		100	5012	11313	0	0	-1	0	0	-1	0	0	0	0	0	0	0
yewai_90_pk_1	蛮熊		2047	50		100	4956	11054	0	0	-1	0	0	-1	0	0	0	0	0	0	0
yewai_90_pk_1	蛮熊		2047	50		100	11496	15430	0	0	-1	0	0	-1	0	0	0	0	0	0	0
yewai_90_pk_1	蛮熊		2047	50		100	11724	14365	0	0	-1	0	0	-1	0	0	0	0	0	0	0
yewai_90_pk_1	蛮熊		2047	50		100	11236	14947	0	0	-1	0	0	-1	0	0	0	0	0	0	0
yewai_90_pk_1	蛮熊		2047	50		100	11960	14654	0	0	-1	0	0	-1	0	0	0	0	0	0	0
yewai_90_pk_1	蛮熊		2047	50		100	11695	14578	0	0	-1	0	0	-1	0	0	0	0	0	0	0
yewai_90_pk_1	蛮熊		2047	50		100	11778	15462	0	0	-1	0	0	-1	0	0	0	0	0	0	0
yewai_90_pk_1	蛮熊		2047	50		100	11297	15237	0	0	-1	0	0	-1	0	0	0	0	0	0	0
yewai_90_pk_1	蛮熊		2047	50		100	12064	15376	0	0	-1	0	0	-1	0	0	0	0	0	0	0
yewai_90_pk_1	蛮熊		2047	50		100	11857	15196	0	0	-1	0	0	-1	0	0	0	0	0	0	0
yewai_90_pk_1	蛮熊		2047	50		100	11568	15207	0	0	-1	0	0	-1	0	0	0	0	0	0	0
yewai_90_pk_1	蛮熊		2047	50		100	11714	15000	0	0	-1	0	0	-1	0	0	0	0	0	0	0
yewai_90_pk_1	蛮熊		2047	50		100	11481	14951	0	0	-1	0	0	-1	0	0	0	0	0	0	0
yewai_90_pk_1	蛮熊		2047	50		100	11466	14703	0	0	-1	0	0	-1	0	0	0	0	0	0	0
yewai_90_pk_1	蛮熊		2047	50		100	11214	14647	0	0	-1	0	0	-1	0	0	0	0	0	0	0
yewai_90_pk_1	蛮熊		2047	50		100	11421	14425	0	0	-1	0	0	-1	0	0	0	0	0	0	0
yewai_90_pk_1	蛮熊		2047	50		100	12120	14444	0	0	-1	0	0	-1	0	0	0	0	0	0	0
yewai_90_pk_1	蛮熊		2047	50		100	12301	14635	0	0	-1	0	0	-1	0	0	0	0	0	0	0
yewai_90_pk_1	蛮熊		2047	50		100	12237	15094	0	0	-1	0	0	-1	0	0	0	0	0	0	0
yewai_90_pk_1	蛮熊		2047	50		100	12323	15259	0	0	-1	0	0	-1	0	0	0	0	0	0	0
yewai_90_pk_1	蛮熊		2047	50		100	11786	14748	0	0	-1	0	0	-1	0	0	0	0	0	0	0
yewai_90_pk_1	蛮熊		2047	50		100	12068	15120	0	0	-1	0	0	-1	0	0	0	0	0	0	0
yewai_90_pk_1	蛮熊		2047	50		100	12158	14853	0	0	-1	0	0	-1	0	0	0	0	0	0	0
yewai_90_pk_1	蛮熊		2047	50		100	12376	14925	0	0	-1	0	0	-1	0	0	0	0	0	0	0
yewai_90_pk_1	蛮熊		2047	50		100	11925	14962	0	0	-1	0	0	-1	0	0	0	0	0	0	0
yewai_90_pk_1	蛮熊		2047	50		100	15869	15134	0	0	-1	0	0	-1	0	0	0	0	0	0	0
yewai_90_pk_1	蛮熊		2047	50		100	15460	14995	0	0	-1	0	0	-1	0	0	0	0	0	0	0
yewai_90_pk_1	蛮熊		2047	50		100	15646	14939	0	0	-1	0	0	-1	0	0	0	0	0	0	0
yewai_90_pk_1	蛮熊		2047	50		100	15432	15618	0	0	-1	0	0	-1	0	0	0	0	0	0	0
yewai_90_pk_1	蛮熊		2047	50		100	15080	15576	0	0	-1	0	0	-1	0	0	0	0	0	0	0
yewai_90_pk_1	蛮熊		2047	50		100	15420	15392	0	0	-1	0	0	-1	0	0	0	0	0	0	0
yewai_90_pk_1	蛮熊		2047	50		100	15225	15403	0	0	-1	0	0	-1	0	0	0	0	0	0	0
yewai_90_pk_1	蛮熊		2047	50		100	15330	15114	0	0	-1	0	0	-1	0	0	0	0	0	0	0
yewai_90_pk_1	蛮熊		2047	50		100	15553	15259	0	0	-1	0	0	-1	0	0	0	0	0	0	0
yewai_90_pk_1	蛮熊		2047	50		100	15722	15216	0	0	-1	0	0	-1	0	0	0	0	0	0	0
yewai_90_pk_1	蛮熊		2047	50		100	15772	14774	0	0	-1	0	0	-1	0	0	0	0	0	0	0
yewai_90_pk_1	蛮熊		2047	50		100	15307	14875	0	0	-1	0	0	-1	0	0	0	0	0	0	0
yewai_90_pk_1	蛮熊		2047	50		100	15416	14711	0	0	-1	0	0	-1	0	0	0	0	0	0	0
yewai_90_pk_1	蛮熊		2047	50		100	15557	14551	0	0	-1	0	0	-1	0	0	0	0	0	0	0
yewai_90_pk_1	蛮熊		2047	50		100	15166	14539	0	0	-1	0	0	-1	0	0	0	0	0	0	0
yewai_90_pk_1	蛮熊		2047	50		100	15064	14832	0	0	-1	0	0	-1	0	0	0	0	0	0	0
yewai_90_pk_1	蛮熊		2047	50		100	14947	15122	0	0	-1	0	0	-1	0	0	0	0	0	0	0
yewai_90_pk_1	蛮熊		2047	50		100	15158	15055	0	0	-1	0	0	-1	0	0	0	0	0	0	0
yewai_90_pk_1	蛮熊		2047	50		100	15104	15259	0	0	-1	0	0	-1	0	0	0	0	0	0	0
yewai_90_pk_1	蛮熊		2047	50		100	14759	14911	0	0	-1	0	0	-1	0	0	0	0	0	0	0
yewai_90_pk_1	蛮熊		2047	50		100	14912	14656	0	0	-1	0	0	-1	0	0	0	0	0	0	0
yewai_90_pk_1	蛮熊		2047	50		100	14736	15184	0	0	-1	0	0	-1	0	0	0	0	0	0	0
yewai_90_pk_1	蛮熊		2047	50		100	14891	15379	0	0	-1	0	0	-1	0	0	0	0	0	0	0
yewai_90_pk_1	蛮熊		2047	50		100	15720	15493	0	0	-1	0	0	-1	0	0	0	0	0	0	0
yewai_90_pk_1	蛮熊		2047	50		100	12194	12828	0	0	-1	0	0	-1	0	0	0	0	0	0	0
yewai_90_pk_1	蛮熊		2047	50		100	10981	12888	0	0	-1	0	0	-1	0	0	0	0	0	0	0
yewai_90_pk_1	蛮熊		2047	50		100	11254	12832	0	0	-1	0	0	-1	0	0	0	0	0	0	0
yewai_90_pk_1	蛮熊		2047	50		100	11483	12936	0	0	-1	0	0	-1	0	0	0	0	0	0	0
yewai_90_pk_1	蛮熊		2047	50		100	12053	12707	0	0	-1	0	0	-1	0	0	0	0	0	0	0
yewai_90_pk_1	蛮熊		2047	50		100	11345	12563	0	0	-1	0	0	-1	0	0	0	0	0	0	0
yewai_90_pk_1	蛮熊		2047	50		100	11518	12732	0	0	-1	0	0	-1	0	0	0	0	0	0	0
yewai_90_pk_1	蛮熊		2047	50		100	11691	13043	0	0	-1	0	0	-1	0	0	0	0	0	0	0
yewai_90_pk_1	蛮熊		2047	50		100	11789	12803	0	0	-1	0	0	-1	0	0	0	0	0	0	0
yewai_90_pk_1	蛮熊		2047	50		100	11970	12937	0	0	-1	0	0	-1	0	0	0	0	0	0	0
yewai_90_pk_1	蛮熊		2047	50		100	11581	12496	0	0	-1	0	0	-1	0	0	0	0	0	0	0
yewai_90_pk_1	蛮熊		2047	50		100	11860	12544	0	0	-1	0	0	-1	0	0	0	0	0	0	0
yewai_90_pk_1	蛮熊		2047	50		100	11887	12264	0	0	-1	0	0	-1	0	0	0	0	0	0	0
yewai_90_pk_1	蛮熊		2047	50		100	11526	12237	0	0	-1	0	0	-1	0	0	0	0	0	0	0
yewai_90_pk_1	蛮熊		2047	50		100	11183	12308	0	0	-1	0	0	-1	0	0	0	0	0	0	0
yewai_90_pk_1	蛮熊		2047	50		100	10991	12559	0	0	-1	0	0	-1	0	0	0	0	0	0	0
yewai_90_pk_1	蛮熊		2047	50		100	11541	13173	0	0	-1	0	0	-1	0	0	0	0	0	0	0
yewai_90_pk_1	蛮熊		2047	50		100	11290	13071	0	0	-1	0	0	-1	0	0	0	0	0	0	0
yewai_90_pk_1	蛮熊		2047	50		100	11140	13208	0	0	-1	0	0	-1	0	0	0	0	0	0	0
yewai_90_pk_1	蛮熊		2047	50		100	11506	13358	0	0	-1	0	0	-1	0	0	0	0	0	0	0
yewai_90_pk_1	蛮熊		2047	50		100	11852	13326	0	0	-1	0	0	-1	0	0	0	0	0	0	0
yewai_90_pk_1	蛮熊		2047	50		100	11865	13119	0	0	-1	0	0	-1	0	0	0	0	0	0	0
yewai_90_pk_1	蛮熊		2047	50		100	12102	13191	0	0	-1	0	0	-1	0	0	0	0	0	0	0
yewai_90_pk_1	蛮熊		2047	50		100	12142	12472	0	0	-1	0	0	-1	0	0	0	0	0	0	0
yewai_90_pk_1	蛮熊		2047	50		100	15738	13294	0	0	-1	0	0	-1	0	0	0	0	0	0	0
yewai_90_pk_1	蛮熊		2047	50		100	15059	12841	0	0	-1	0	0	-1	0	0	0	0	0	0	0
yewai_90_pk_1	蛮熊		2047	50		100	14842	12714	0	0	-1	0	0	-1	0	0	0	0	0	0	0
yewai_90_pk_1	蛮熊		2047	50		100	15239	13088	0	0	-1	0	0	-1	0	0	0	0	0	0	0
yewai_90_pk_1	蛮熊		2047	50		100	15381	13324	0	0	-1	0	0	-1	0	0	0	0	0	0	0
yewai_90_pk_1	蛮熊		2047	50		100	15533	13106	0	0	-1	0	0	-1	0	0	0	0	0	0	0
yewai_90_pk_1	蛮熊		2047	50		100	15617	12888	0	0	-1	0	0	-1	0	0	0	0	0	0	0
yewai_90_pk_1	蛮熊		2047	50		100	14963	12479	0	0	-1	0	0	-1	0	0	0	0	0	0	0
yewai_90_pk_1	蛮熊		2047	50		100	14620	12853	0	0	-1	0	0	-1	0	0	0	0	0	0	0
yewai_90_pk_1	蛮熊		2047	50		100	14905	12986	0	0	-1	0	0	-1	0	0	0	0	0	0	0
yewai_90_pk_1	蛮熊		2047	50		100	15038	13302	0	0	-1	0	0	-1	0	0	0	0	0	0	0
yewai_90_pk_1	蛮熊		2047	50		100	14721	13182	0	0	-1	0	0	-1	0	0	0	0	0	0	0
yewai_90_pk_1	蛮熊		2047	50		100	15332	12833	0	0	-1	0	0	-1	0	0	0	0	0	0	0
yewai_90_pk_1	蛮熊		2047	50		100	15237	12534	0	0	-1	0	0	-1	0	0	0	0	0	0	0
yewai_90_pk_1	蛮熊		2047	50		100	15549	12430	0	0	-1	0	0	-1	0	0	0	0	0	0	0
yewai_90_pk_1	蛮熊		2047	50		100	15484	12230	0	0	-1	0	0	-1	0	0	0	0	0	0	0
yewai_90_pk_1	蛮熊		2047	50		100	15198	12187	0	0	-1	0	0	-1	0	0	0	0	0	0	0
yewai_90_pk_1	蛮熊		2047	50		100	14868	12261	0	0	-1	0	0	-1	0	0	0	0	0	0	0
yewai_90_pk_1	蛮熊		2047	50		100	14678	12538	0	0	-1	0	0	-1	0	0	0	0	0	0	0
yewai_90_pk_1	蛮熊		2047	50		100	15800	12408	0	0	-1	0	0	-1	0	0	0	0	0	0	0
yewai_90_pk_1	蛮熊		2047	50		100	15501	12664	0	0	-1	0	0	-1	0	0	0	0	0	0	0
yewai_90_pk_1	蛮熊		2047	50		100	15774	12698	0	0	-1	0	0	-1	0	0	0	0	0	0	0
yewai_90_pk_1	蛮熊		2047	50		100	15965	12694	0	0	-1	0	0	-1	0	0	0	0	0	0	0
yewai_90_pk_1	蛮熊		2047	50		100	15865	13036	0	0	-1	0	0	-1	0	0	0	0	0	0	0
yewai_90_pk_1	蛮熊		2047	50		100	13509	10283	0	0	-1	0	0	-1	0	0	0	0	0	0	0
yewai_90_pk_1	蛮熊		2047	50		100	13434	10565	0	0	-1	0	0	-1	0	0	0	0	0	0	0
yewai_90_pk_1	蛮熊		2047	50		100	13843	10316	0	0	-1	0	0	-1	0	0	0	0	0	0	0
yewai_90_pk_1	蛮熊		2047	50		100	13157	11059	0	0	-1	0	0	-1	0	0	0	0	0	0	0
yewai_90_pk_1	蛮熊		2047	50		100	12960	11082	0	0	-1	0	0	-1	0	0	0	0	0	0	0
yewai_90_pk_1	蛮熊		2047	50		100	12914	10797	0	0	-1	0	0	-1	0	0	0	0	0	0	0
yewai_90_pk_1	蛮熊		2047	50		100	13160	10724	0	0	-1	0	0	-1	0	0	0	0	0	0	0
yewai_90_pk_1	蛮熊		2047	50		100	13207	10389	0	0	-1	0	0	-1	0	0	0	0	0	0	0
yewai_90_pk_1	蛮熊		2047	50		100	12991	10527	0	0	-1	0	0	-1	0	0	0	0	0	0	0
yewai_90_pk_1	蛮熊		2047	50		100	5952	11257	0	0	-1	0	0	-1	0	0	0	0	0	0	0
yewai_90_pk_1	蛮熊		2047	50		100	5244	11192	0	0	-1	0	0	-1	0	0	0	0	0	0	0
yewai_90_pk_1	蛮熊		2047	50		100	5147	10937	0	0	-1	0	0	-1	0	0	0	0	0	0	0
yewai_90_pk_1	蛮熊		2047	50		100	5220	10634	0	0	-1	0	0	-1	0	0	0	0	0	0	0
yewai_90_pk_1	蛮熊		2047	50		100	5807	11079	0	0	-1	0	0	-1	0	0	0	0	0	0	0
yewai_90_pk_1	蛮熊		2047	50		100	4916	10399	0	0	-1	0	0	-1	0	0	0	0	0	0	0
yewai_90_pk_1	蛮熊		2047	50		100	4726	10711	0	0	-1	0	0	-1	0	0	0	0	0	0	0
yewai_90_pk_1	蛮熊		2047	50		100	5212	10237	0	0	-1	0	0	-1	0	0	0	0	0	0	0
yewai_90_pk_1	蛮熊		2047	50		100	5669	10249	0	0	-1	0	0	-1	0	0	0	0	0	0	0
yewai_90_pk_1	蛮熊		2047	50		100	5977	10407	0	0	-1	0	0	-1	0	0	0	0	0	0	0
yewai_90_pk_1	蛮熊		2047	50		100	5997	11010	0	0	-1	0	0	-1	0	0	0	0	0	0	0
yewai_90_pk_1	蛮熊		2047	50		100	6033	10727	0	0	-1	0	0	-1	0	0	0	0	0	0	0
yewai_90_pk_1	蛮熊		2047	50		100	5778	10646	0	0	-1	0	0	-1	0	0	0	0	0	0	0
yewai_90_pk_1	蛮熊		2047	50		100	5531	10452	0	0	-1	0	0	-1	0	0	0	0	0	0	0
yewai_90_pk_1	蛮熊		2047	50		100	5450	10695	0	0	-1	0	0	-1	0	0	0	0	0	0	0
yewai_90_pk_1	蛮熊		2047	50		100	5629	10921	0	0	-1	0	0	-1	0	0	0	0	0	0	0
yewai_90_pk_1	蛮熊		2047	50		100	5402	10986	0	0	-1	0	0	-1	0	0	0	0	0	0	0
yewai_90_pk_1	蛮熊		2047	50		100	4783	11063	0	0	-1	0	0	-1	0	0	0	0	0	0	0
yewai_90_pk_1	蛮熊		2047	50		100	8395	13832	0	0	-1	0	0	-1	0	0	0	0	0	0	0
yewai_90_pk_1	蛮熊		2047	50		100	8651	14084	0	0	-1	0	0	-1	0	0	0	0	0	0	0
yewai_90_pk_1	蛮熊		2047	50		100	8058	13743	0	0	-1	0	0	-1	0	0	0	0	0	0	0
yewai_90_pk_1	蛮熊		2047	50		100	7663	13789	0	0	-1	0	0	-1	0	0	0	0	0	0	0
yewai_90_pk_1	蛮熊		2047	50		100	7407	13995	0	0	-1	0	0	-1	0	0	0	0	0	0	0
yewai_90_pk_1	蛮熊		2047	50		100	7318	14312	0	0	-1	0	0	-1	0	0	0	0	0	0	0
yewai_90_pk_1	蛮熊		2047	50		100	7423	14607	0	0	-1	0	0	-1	0	0	0	0	0	0	0
yewai_90_pk_1	蛮熊		2047	50		100	7659	14832	0	0	-1	0	0	-1	0	0	0	0	0	0	0
yewai_90_pk_1	蛮熊		2047	50		100	7973	14925	0	0	-1	0	0	-1	0	0	0	0	0	0	0
yewai_90_pk_1	蛮熊		2047	50		100	8291	14909	0	0	-1	0	0	-1	0	0	0	0	0	0	0
yewai_90_pk_1	蛮熊		2047	50		100	8558	14808	0	0	-1	0	0	-1	0	0	0	0	0	0	0
yewai_90_pk_1	蛮熊		2047	50		100	8666	14630	0	0	-1	0	0	-1	0	0	0	0	0	0	0
yewai_90_pk_1	蛮熊		2047	50		100	8535	14429	0	0	-1	0	0	-1	0	0	0	0	0	0	0
yewai_90_pk_1	蛮熊		2047	50		100	8713	14324	0	0	-1	0	0	-1	0	0	0	0	0	0	0
yewai_90_pk_1	蛮熊		2047	50		100	8438	14115	0	0	-1	0	0	-1	0	0	0	0	0	0	0
yewai_90_pk_1	蛮熊		2047	50		100	8357	14646	0	0	-1	0	0	-1	0	0	0	0	0	0	0
yewai_90_pk_1	蛮熊		2047	50		100	8109	14626	0	0	-1	0	0	-1	0	0	0	0	0	0	0
yewai_90_pk_1	蛮熊		2047	50		100	7597	14386	0	0	-1	0	0	-1	0	0	0	0	0	0	0
yewai_90_pk_1	蛮熊		2047	50		100	7717	14119	0	0	-1	0	0	-1	0	0	0	0	0	0	0
yewai_90_pk_1	蛮熊		2047	50		100	7799	14626	0	0	-1	0	0	-1	0	0	0	0	0	0	0
yewai_90_pk_1	蛮熊		2047	50		100	7927	14359	0	0	-1	0	0	-1	0	0	0	0	0	0	0
yewai_90_pk_1	蛮熊		2047	50		100	8240	14398	0	0	-1	0	0	-1	0	0	0	0	0	0	0
yewai_90_pk_1	蛮熊		2047	50		100	10213	16380	0	0	-1	0	0	-1	0	0	0	0	0	0	0
yewai_90_pk_1	蛮熊		2047	50		100	10391	15574	0	0	-1	0	0	-1	0	0	0	0	0	0	0
yewai_90_pk_1	蛮熊		2047	50		100	10426	15906	0	0	-1	0	0	-1	0	0	0	0	0	0	0
yewai_90_pk_1	蛮熊		2047	50		100	13096	11376	0	0	-1	0	0	-1	0	0	0	0	0	0	0
yewai_90_pk_1	蛮熊		2047	50		100	13470	11476	0	0	-1	0	0	-1	0	0	0	0	0	0	0
yewai_90_pk_1	蛮熊		2047	50		100	13861	11422	0	0	-1	0	0	-1	0	0	0	0	0	0	0
yewai_90_pk_1	蛮熊		2047	50		100	14104	11250	0	0	-1	0	0	-1	0	0	0	0	0	0	0
yewai_90_pk_1	蛮熊		2047	50		100	14071	10481	0	0	-1	0	0	-1	0	0	0	0	0	0	0
yewai_90_pk_1	蛮熊		2047	50		100	14184	11006	0	0	-1	0	0	-1	0	0	0	0	0	0	0
yewai_90_pk_1	蛮熊		2047	50		100	14201	10725	0	0	-1	0	0	-1	0	0	0	0	0	0	0
yewai_90_pk_1	蛮熊		2047	50		100	13907	11044	0	0	-1	0	0	-1	0	0	0	0	0	0	0
yewai_90_pk_1	蛮熊		2047	50		100	13924	10800	0	0	-1	0	0	-1	0	0	0	0	0	0	0
yewai_90_pk_1	蛮熊		2047	50		100	13844	10569	0	0	-1	0	0	-1	0	0	0	0	0	0	0
yewai_90_pk_1	蛮熊		2047	50		100	13676	10977	0	0	-1	0	0	-1	0	0	0	0	0	0	0
yewai_90_pk_1	蛮熊		2047	50		100	13642	11308	0	0	-1	0	0	-1	0	0	0	0	0	0	0
yewai_90_pk_1	蛮熊		2047	50		100	13428	11166	0	0	-1	0	0	-1	0	0	0	0	0	0	0
yewai_90_pk_1	蛮熊		2047	50		100	13600	10775	0	0	-1	0	0	-1	0	0	0	0	0	0	0
yewai_90_pk_1	蛮熊		2047	50		100	13378	10905	0	0	-1	0	0	-1	0	0	0	0	0	0	0
yewai_90_pk_2	狩猎者		2048	50		100	5587	8846	0	0	-1	0	0	-1	0	0	0	0	0	0	0
yewai_90_pk_2	狩猎者		2048	50		100	5568	8643	0	0	-1	0	0	-1	0	0	0	0	0	0	0
yewai_90_pk_2	狩猎者		2048	50		100	5443	8488	0	0	-1	0	0	-1	0	0	0	0	0	0	0
yewai_90_pk_2	狩猎者		2048	50		100	5055	8474	0	0	-1	0	0	-1	0	0	0	0	0	0	0
yewai_90_pk_2	狩猎者		2048	50		100	4955	8682	0	0	-1	0	0	-1	0	0	0	0	0	0	0
yewai_90_pk_2	狩猎者		2048	50		100	5290	8833	0	0	-1	0	0	-1	0	0	0	0	0	0	0
yewai_90_pk_2	狩猎者		2048	50		100	4871	8368	0	0	-1	0	0	-1	0	0	0	0	0	0	0
yewai_90_pk_2	狩猎者		2048	50		100	5692	5962	0	0	-1	0	0	-1	0	0	0	0	0	0	0
yewai_90_pk_2	狩猎者		2048	50		100	5386	5981	0	0	-1	0	0	-1	0	0	0	0	0	0	0
yewai_90_pk_2	狩猎者		2048	50		100	8178	6270	0	0	-1	0	0	-1	0	0	0	0	0	0	0
yewai_90_pk_2	狩猎者		2048	50		100	10756	7214	0	0	-1	0	0	-1	0	0	0	0	0	0	0
yewai_90_pk_2	狩猎者		2048	50		100	11050	7747	0	0	-1	0	0	-1	0	0	0	0	0	0	0
yewai_90_pk_2	狩猎者		2048	50		100	11322	7068	0	0	-1	0	0	-1	0	0	0	0	0	0	0
yewai_90_pk_2	狩猎者		2048	50		100	11206	6771	0	0	-1	0	0	-1	0	0	0	0	0	0	0
yewai_90_pk_2	狩猎者		2048	50		100	10935	6557	0	0	-1	0	0	-1	0	0	0	0	0	0	0
yewai_90_pk_2	狩猎者		2048	50		100	10523	6582	0	0	-1	0	0	-1	0	0	0	0	0	0	0
yewai_90_pk_2	狩猎者		2048	50		100	10218	6689	0	0	-1	0	0	-1	0	0	0	0	0	0	0
yewai_90_pk_2	狩猎者		2048	50		100	10095	6981	0	0	-1	0	0	-1	0	0	0	0	0	0	0
yewai_90_pk_2	狩猎者		2048	50		100	10074	7302	0	0	-1	0	0	-1	0	0	0	0	0	0	0
yewai_90_pk_2	狩猎者		2048	50		100	10408	7475	0	0	-1	0	0	-1	0	0	0	0	0	0	0
yewai_90_pk_2	狩猎者		2048	50		100	10931	6788	0	0	-1	0	0	-1	0	0	0	0	0	0	0
yewai_90_pk_2	狩猎者		2048	50		100	11042	7331	0	0	-1	0	0	-1	0	0	0	0	0	0	0
yewai_90_pk_2	狩猎者		2048	50		100	11038	7492	0	0	-1	0	0	-1	0	0	0	0	0	0	0
yewai_90_pk_2	狩猎者		2048	50		100	11091	7138	0	0	-1	0	0	-1	0	0	0	0	0	0	0
yewai_90_pk_2	狩猎者		2048	50		100	10819	6994	0	0	-1	0	0	-1	0	0	0	0	0	0	0
yewai_90_pk_2	狩猎者		2048	50		100	8311	6883	0	0	-1	0	0	-1	0	0	0	0	0	0	0
yewai_90_pk_2	狩猎者		2048	50		100	7966	6870	0	0	-1	0	0	-1	0	0	0	0	0	0	0
yewai_90_pk_2	狩猎者		2048	50		100	8622	6666	0	0	-1	0	0	-1	0	0	0	0	0	0	0
yewai_90_pk_2	狩猎者		2048	50		100	8647	6253	0	0	-1	0	0	-1	0	0	0	0	0	0	0
yewai_90_pk_2	狩猎者		2048	50		100	8179	5716	0	0	-1	0	0	-1	0	0	0	0	0	0	0
yewai_90_pk_2	狩猎者		2048	50		100	8562	5848	0	0	-1	0	0	-1	0	0	0	0	0	0	0
yewai_90_pk_2	狩猎者		2048	50		100	8485	6104	0	0	-1	0	0	-1	0	0	0	0	0	0	0
yewai_90_pk_2	狩猎者		2048	50		100	8264	6006	0	0	-1	0	0	-1	0	0	0	0	0	0	0
yewai_90_pk_2	狩猎者		2048	50		100	7684	5737	0	0	-1	0	0	-1	0	0	0	0	0	0	0
yewai_90_pk_2	狩猎者		2048	50		100	7467	6052	0	0	-1	0	0	-1	0	0	0	0	0	0	0
yewai_90_pk_2	狩猎者		2048	50		100	7420	6427	0	0	-1	0	0	-1	0	0	0	0	0	0	0
yewai_90_pk_2	狩猎者		2048	50		100	7689	6478	0	0	-1	0	0	-1	0	0	0	0	0	0	0
yewai_90_pk_2	狩猎者		2048	50		100	7625	6730	0	0	-1	0	0	-1	0	0	0	0	0	0	0
yewai_90_pk_2	狩猎者		2048	50		100	7872	6653	0	0	-1	0	0	-1	0	0	0	0	0	0	0
yewai_90_pk_2	狩猎者		2048	50		100	8110	6704	0	0	-1	0	0	-1	0	0	0	0	0	0	0
yewai_90_pk_2	狩猎者		2048	50		100	8068	6474	0	0	-1	0	0	-1	0	0	0	0	0	0	0
yewai_90_pk_2	狩猎者		2048	50		100	7987	5886	0	0	-1	0	0	-1	0	0	0	0	0	0	0
yewai_90_pk_2	狩猎者		2048	50		100	7880	6385	0	0	-1	0	0	-1	0	0	0	0	0	0	0
yewai_90_pk_2	狩猎者		2048	50		100	7740	6108	0	0	-1	0	0	-1	0	0	0	0	0	0	0
yewai_90_pk_2	狩猎者		2048	50		100	7978	6142	0	0	-1	0	0	-1	0	0	0	0	0	0	0
yewai_90_pk_2	狩猎者		2048	50		100	8528	6495	0	0	-1	0	0	-1	0	0	0	0	0	0	0
yewai_90_pk_2	狩猎者		2048	50		100	8349	6380	0	0	-1	0	0	-1	0	0	0	0	0	0	0
yewai_90_pk_2	狩猎者		2048	50		100	8332	6645	0	0	-1	0	0	-1	0	0	0	0	0	0	0
yewai_90_pk_2	狩猎者		2048	50		100	5843	4883	0	0	-1	0	0	-1	0	0	0	0	0	0	0
yewai_90_pk_2	狩猎者		2048	50		100	6043	5123	0	0	-1	0	0	-1	0	0	0	0	0	0	0
yewai_90_pk_2	狩猎者		2048	50		100	6105	5570	0	0	-1	0	0	-1	0	0	0	0	0	0	0
yewai_90_pk_2	狩猎者		2048	50		100	5546	4861	0	0	-1	0	0	-1	0	0	0	0	0	0	0
yewai_90_pk_2	狩猎者		2048	50		100	5165	4905	0	0	-1	0	0	-1	0	0	0	0	0	0	0
yewai_90_pk_2	狩猎者		2048	50		100	4899	5047	0	0	-1	0	0	-1	0	0	0	0	0	0	0
yewai_90_pk_2	狩猎者		2048	50		100	4815	5420	0	0	-1	0	0	-1	0	0	0	0	0	0	0
yewai_90_pk_2	狩猎者		2048	50		100	4939	5699	0	0	-1	0	0	-1	0	0	0	0	0	0	0
yewai_90_pk_2	狩猎者		2048	50		100	5152	5947	0	0	-1	0	0	-1	0	0	0	0	0	0	0
yewai_90_pk_2	狩猎者		2048	50		100	5901	5340	0	0	-1	0	0	-1	0	0	0	0	0	0	0
yewai_90_pk_2	狩猎者		2048	50		100	5733	5171	0	0	-1	0	0	-1	0	0	0	0	0	0	0
yewai_90_pk_2	狩猎者		2048	50		100	5489	5078	0	0	-1	0	0	-1	0	0	0	0	0	0	0
yewai_90_pk_2	狩猎者		2048	50		100	5892	5655	0	0	-1	0	0	-1	0	0	0	0	0	0	0
yewai_90_pk_2	狩猎者		2048	50		100	5684	5765	0	0	-1	0	0	-1	0	0	0	0	0	0	0
yewai_90_pk_2	狩猎者		2048	50		100	5480	5792	0	0	-1	0	0	-1	0	0	0	0	0	0	0
yewai_90_pk_2	狩猎者		2048	50		100	5196	5748	0	0	-1	0	0	-1	0	0	0	0	0	0	0
yewai_90_pk_2	狩猎者		2048	50		100	5121	5508	0	0	-1	0	0	-1	0	0	0	0	0	0	0
yewai_90_pk_2	狩猎者		2048	50		100	5156	5233	0	0	-1	0	0	-1	0	0	0	0	0	0	0
yewai_90_pk_2	狩猎者		2048	50		100	5418	5300	0	0	-1	0	0	-1	0	0	0	0	0	0	0
yewai_90_pk_2	狩猎者		2048	50		100	5396	5526	0	0	-1	0	0	-1	0	0	0	0	0	0	0
yewai_90_pk_2	狩猎者		2048	50		100	5657	5486	0	0	-1	0	0	-1	0	0	0	0	0	0	0
yewai_90_pk_2	狩猎者		2048	50		100	5954	5872	0	0	-1	0	0	-1	0	0	0	0	0	0	0
yewai_90_pk_2	狩猎者		2048	50		100	5864	8734	0	0	-1	0	0	-1	0	0	0	0	0	0	0
yewai_90_pk_2	狩猎者		2048	50		100	5610	7714	0	0	-1	0	0	-1	0	0	0	0	0	0	0
yewai_90_pk_2	狩猎者		2048	50		100	5766	8080	0	0	-1	0	0	-1	0	0	0	0	0	0	0
yewai_90_pk_2	狩猎者		2048	50		100	5524	8074	0	0	-1	0	0	-1	0	0	0	0	0	0	0
yewai_90_pk_2	狩猎者		2048	50		100	5431	7853	0	0	-1	0	0	-1	0	0	0	0	0	0	0
yewai_90_pk_2	狩猎者		2048	50		100	5213	7711	0	0	-1	0	0	-1	0	0	0	0	0	0	0
yewai_90_pk_2	狩猎者		2048	50		100	5244	8050	0	0	-1	0	0	-1	0	0	0	0	0	0	0
yewai_90_pk_2	狩猎者		2048	50		100	5023	8095	0	0	-1	0	0	-1	0	0	0	0	0	0	0
yewai_90_pk_2	狩猎者		2048	50		100	5179	8316	0	0	-1	0	0	-1	0	0	0	0	0	0	0
yewai_90_pk_2	狩猎者		2048	50		100	5735	8482	0	0	-1	0	0	-1	0	0	0	0	0	0	0
yewai_90_pk_2	狩猎者		2048	50		100	5427	8292	0	0	-1	0	0	-1	0	0	0	0	0	0	0
yewai_90_pk_2	狩猎者		2048	50		100	5268	8620	0	0	-1	0	0	-1	0	0	0	0	0	0	0
yewai_90_pk_2	狩猎者		2048	50		100	4878	7953	0	0	-1	0	0	-1	0	0	0	0	0	0	0
yewai_90_pk_2	狩猎者		2048	50		100	13354	8223	0	0	-1	0	0	-1	0	0	0	0	0	0	0
yewai_90_pk_2	狩猎者		2048	50		100	13425	7894	0	0	-1	0	0	-1	0	0	0	0	0	0	0
yewai_90_pk_2	狩猎者		2048	50		100	13174	7598	0	0	-1	0	0	-1	0	0	0	0	0	0	0
yewai_90_pk_2	狩猎者		2048	50		100	13780	8127	0	0	-1	0	0	-1	0	0	0	0	0	0	0
yewai_90_pk_2	狩猎者		2048	50		100	13742	7591	0	0	-1	0	0	-1	0	0	0	0	0	0	0
yewai_90_pk_2	狩猎者		2048	50		100	13470	7587	0	0	-1	0	0	-1	0	0	0	0	0	0	0
yewai_90_pk_2	狩猎者		2048	50		100	13512	7296	0	0	-1	0	0	-1	0	0	0	0	0	0	0
yewai_90_pk_2	狩猎者		2048	50		100	13115	7356	0	0	-1	0	0	-1	0	0	0	0	0	0	0
yewai_90_pk_2	狩猎者		2048	50		100	12858	7587	0	0	-1	0	0	-1	0	0	0	0	0	0	0
yewai_90_pk_2	狩猎者		2048	50		100	13145	7900	0	0	-1	0	0	-1	0	0	0	0	0	0	0
yewai_90_pk_2	狩猎者		2048	50		100	13085	8131	0	0	-1	0	0	-1	0	0	0	0	0	0	0
yewai_90_pk_2	狩猎者		2048	50		100	12813	7964	0	0	-1	0	0	-1	0	0	0	0	0	0	0
yewai_90_pk_2	狩猎者		2048	50		100	13621	7847	0	0	-1	0	0	-1	0	0	0	0	0	0	0
yewai_90_pk_2	狩猎者		2048	50		100	13591	8161	0	0	-1	0	0	-1	0	0	0	0	0	0	0
yewai_90_pk_2	狩猎者		2048	50		100	13848	7364	0	0	-1	0	0	-1	0	0	0	0	0	0	0
yewai_90_pk_2	狩猎者		2048	50		100	14056	7591	0	0	-1	0	0	-1	0	0	0	0	0	0	0
yewai_90_pk_2	狩猎者		2048	50		100	13844	7847	0	0	-1	0	0	-1	0	0	0	0	0	0	0
yewai_90_pk_2	狩猎者		2048	50		100	13969	8187	0	0	-1	0	0	-1	0	0	0	0	0	0	0
yewai_90_pk_2	狩猎者		2048	50		100	14093	7904	0	0	-1	0	0	-1	0	0	0	0	0	0	0
yewai_90_pk_2	狩猎者		2048	50		100	13704	8342	0	0	-1	0	0	-1	0	0	0	0	0	0	0
yewai_90_pk_2	狩猎者		2048	50		100	13636	8538	0	0	-1	0	0	-1	0	0	0	0	0	0	0
yewai_90_pk_2	狩猎者		2048	50		100	13296	8489	0	0	-1	0	0	-1	0	0	0	0	0	0	0
yewai_90_pk_2	狩猎者		2048	50		100	13013	8365	0	0	-1	0	0	-1	0	0	0	0	0	0	0
yewai_90_pk_2	狩猎者		2048	50		100	13980	8421	0	0	-1	0	0	-1	0	0	0	0	0	0	0
yewai_90_pk_2	狩猎者		2048	50		100	5883	7849	0	0	-1	0	0	-1	0	0	0	0	0	0	0
yewai_90_pk_2	狩猎者		2048	50		100	6007	8199	0	0	-1	0	0	-1	0	0	0	0	0	0	0
yewai_90_pk_2	狩猎者		2048	50		100	5993	8511	0	0	-1	0	0	-1	0	0	0	0	0	0	0
yewai_90_pk_2	狩猎者		2048	50		100	5706	8281	0	0	-1	0	0	-1	0	0	0	0	0	0	0
yewai_90_pk_2	狩猎者		2048	50		100	10184	7635	0	0	-1	0	0	-1	0	0	0	0	0	0	0
yewai_90_pk_2	狩猎者		2048	50		100	10314	7087	0	0	-1	0	0	-1	0	0	0	0	0	0	0
yewai_90_pk_2	狩猎者		2048	50		100	10529	7243	0	0	-1	0	0	-1	0	0	0	0	0	0	0
yewai_90_pk_2	狩猎者		2048	50		100	10579	6885	0	0	-1	0	0	-1	0	0	0	0	0	0	0
yewai_90_pk_2	狩猎者		2048	50		100	10525	7795	0	0	-1	0	0	-1	0	0	0	0	0	0	0
yewai_90_pk_2	狩猎者		2048	50		100	10782	7786	0	0	-1	0	0	-1	0	0	0	0	0	0	0
yewai_90_pk_2	狩猎者		2048	50		100	10655	7592	0	0	-1	0	0	-1	0	0	0	0	0	0	0
yewai_90_pk_2	狩猎者		2048	50		100	10782	7437	0	0	-1	0	0	-1	0	0	0	0	0	0	0
yewai_90_pk_2	狩猎者		2048	50		100	11298	7457	0	0	-1	0	0	-1	0	0	0	0	0	0	0
yewai_90_pk_2	狩猎者		2048	50		100	14807	5488	0	0	-1	0	0	-1	0	0	0	0	0	0	0
yewai_90_pk_2	狩猎者		2048	50		100	14069	5583	0	0	-1	0	0	-1	0	0	0	0	0	0	0
yewai_90_pk_2	狩猎者		2048	50		100	14069	5339	0	0	-1	0	0	-1	0	0	0	0	0	0	0
yewai_90_pk_2	狩猎者		2048	50		100	14393	5208	0	0	-1	0	0	-1	0	0	0	0	0	0	0
yewai_90_pk_2	狩猎者		2048	50		100	14214	5124	0	0	-1	0	0	-1	0	0	0	0	0	0	0
yewai_90_pk_2	狩猎者		2048	50		100	14171	5819	0	0	-1	0	0	-1	0	0	0	0	0	0	0
yewai_90_pk_2	狩猎者		2048	50		100	14446	5889	0	0	-1	0	0	-1	0	0	0	0	0	0	0
yewai_90_pk_2	狩猎者		2048	50		100	14592	5580	0	0	-1	0	0	-1	0	0	0	0	0	0	0
yewai_90_pk_2	狩猎者		2048	50		100	14359	5670	0	0	-1	0	0	-1	0	0	0	0	0	0	0
yewai_90_pk_2	狩猎者		2048	50		100	14363	5441	0	0	-1	0	0	-1	0	0	0	0	0	0	0
yewai_90_pk_2	狩猎者		2048	50		100	14972	5798	0	0	-1	0	0	-1	0	0	0	0	0	0	0
yewai_90_pk_2	狩猎者		2048	50		100	14807	5701	0	0	-1	0	0	-1	0	0	0	0	0	0	0
yewai_90_pk_2	狩猎者		2048	50		100	14639	5825	0	0	-1	0	0	-1	0	0	0	0	0	0	0
yewai_90_pk_2	狩猎者		2048	50		100	14577	5310	0	0	-1	0	0	-1	0	0	0	0	0	0	0
yewai_90_pk_2	狩猎者		2048	50		100	14789	5253	0	0	-1	0	0	-1	0	0	0	0	0	0	0
yewai_90_pk_2	狩猎者		2048	50		100	14485	4976	0	0	-1	0	0	-1	0	0	0	0	0	0	0
yewai_90_pk_2	狩猎者		2048	50		100	14781	5049	0	0	-1	0	0	-1	0	0	0	0	0	0	0
yewai_90_pk_2	狩猎者		2048	50		100	14977	5402	0	0	-1	0	0	-1	0	0	0	0	0	0	0
yewai_90_pk_2	狩猎者		2048	50		100	14328	6059	0	0	-1	0	0	-1	0	0	0	0	0	0	0
yewai_90_pk_2	狩猎者		2048	50		100	14009	5967	0	0	-1	0	0	-1	0	0	0	0	0	0	0
yewai_90_pk_2	狩猎者		2048	50		100	13824	5644	0	0	-1	0	0	-1	0	0	0	0	0	0	0
yewai_90_pk_2	狩猎者		2048	50		100	13847	5314	0	0	-1	0	0	-1	0	0	0	0	0	0	0
yewai_90_pk_2	狩猎者		2048	50		100	14017	5026	0	0	-1	0	0	-1	0	0	0	0	0	0	0
yewai_90_pk_2	狩猎者		2048	50		100	14735	6009	0	0	-1	0	0	-1	0	0	0	0	0	0	0
