ServerId	Normal	Battle	Baihu	TeamBattle	Indiffer	DaXueZhang	BiWuZhaoQin	WLDH	BLBoss	ZoneBossMaster	FactionBattle	QYHCross	CrossDomain	KeyQuestFuben
10001	1	1	1	1	1	1	1	1	1	1	1	1	1	1
10002	1	1	1	1	1	1	1	1	1	1	1	1	1	1
10003	1	1	1	1	1	1	1	1	1	1	1	1	1	1
10004	1	1	1	1	1	1	1	1	1	1	1	1	1	1
10005	1	1	1	1	1	1	1	1	1	1	1	1	1	1
10006	1	1	1	1	1	1	1	1	1	1	1	1	1	1
10007	1	1	1	1	1	1	1	1	1	1	1	1	1	1
10008	1	1	1	1	1	1	1	1	1	1	1	1	1	1
10009	1	1	1	1	1	1	1	1	1	1	1	1	1	1
10010	1	1	1	1	1	1	1	1	1	1	1	1	1	1
10011	1	1	1	1	1	1	1	1	1	1	1	1	1	1
10012	1	1	1	1	1	1	1	1	1	1	1	1	1	1
10013	1	1	1	1	1	1	1	1	1	1	1	1	1	1
10014	1	1	1	1	1	1	1	1	1	1	1	1	1	1
10015	1	1	1	1	1	1	1	1	1	1	1	1	1	1
10016	1	1	1	1	1	1	1	1	1	1	1	1	1	1
10017	1	1	1	1	1	1	1	1	1	1	1	1	1	1
10018	1	1	1	1	1	1	1	1	1	1	1	1	1	1
10019	1	1	1	1	1	1	1	1	1	1	1	1	1	1
10020	1	1	1	1	1	1	1	1	1	1	1	1	1	1
10021	1	1	1	1	1	1	1	1	1	1	1	1	1	1
10022	1	1	1	1	1	1	1	1	1	1	1	1	1	1
10023	1	1	1	1	1	1	1	1	1	1	1	1	1	1
10024	1	1	1	1	1	1	1	1	1	1	1	1	1	1
10025	1	1	1	1	1	1	1	1	1	1	1	1	1	1
10026	1	1	1	1	1	1	1	1	1	1	1	1	1	1
10027	1	1	1	1	1	1	1	1	1	1	1	1	1	1
10028	1	1	1	1	1	1	1	1	1	1	1	1	1	1
10029	1	1	1	1	1	1	1	1	1	1	1	1	1	1
10030	1	1	1	1	1	1	1	1	1	1	1	1	1	1
10031	1	1	1	1	1	1	1	1	1	1	1	1	1	1
10032	1	1	1	1	1	1	1	1	1	1	1	1	1	1
10033	1	1	1	1	1	1	1	1	1	1	1	1	1	1
10034	1	1	1	1	1	1	1	1	1	1	1	1	1	1
10035	1	1	1	1	1	1	1	1	1	1	1	1	1	1
10036	1	1	1	1	1	1	1	1	1	1	1	1	1	1
10037	1	1	1	1	1	1	1	1	1	1	1	1	1	1
10038	1	1	1	1	1	1	1	1	1	1	1	1	1	1
10039	1	1	1	1	1	1	1	1	1	1	1	1	1	1
10040	1	1	1	1	1	1	1	1	1	1	1	1	1	1
10041	1	1	1	1	1	1	1	1	1	1	1	1	1	1
10042	1	1	1	1	1	1	1	1	1	1	1	1	1	1
10043	1	1	1	1	1	1	1	1	1	1	1	1	1	1
10044	1	1	1	1	1	1	1	1	1	1	1	1	1	1
10045	1	1	1	1	1	1	1	1	1	1	1	1	1	1
10046	1	1	1	1	1	1	1	1	1	1	1	1	1	1
10047	1	1	1	1	1	1	1	1	1	1	1	1	1	1
10048	1	1	1	1	1	1	1	1	1	1	1	1	1	1
10049	1	1	1	1	1	1	1	1	1	1	1	1	1	1
10050	1	1	1	1	1	1	1	1	1	1	1	1	1	1
10051	1	1	1	1	1	1	1	1	1	1	1	1	1	1
10052	1	1	1	1	1	1	1	1	1	1	1	1	1	1
10053	1	1	1	1	1	1	1	1	1	1	1	1	1	1
10054	1	1	1	1	1	1	1	1	1	1	1	1	1	1
10055	1	1	1	1	1	1	1	1	1	1	1	1	1	1
10056	1	1	1	1	1	1	1	1	1	1	1	1	1	1
10057	1	1	1	1	1	1	1	1	1	1	1	1	1	1
10058	1	1	1	1	1	1	1	1	1	1	1	1	1	1
10059	1	1	1	1	1	1	1	1	1	1	1	1	1	1
10060	1	1	1	1	1	1	1	1	1	1	1	1	1	1
10061	1	1	1	1	1	1	1	1	1	1	1	1	1	1
10062	1	1	1	1	1	1	1	1	1	1	1	1	1	1
10063	1	1	1	1	1	1	1	1	1	1	1	1	1	1
10064	1	1	1	1	1	1	1	1	1	1	1	1	1	1
10065	1	1	1	1	1	1	1	1	1	1	1	1	1	1
10066	1	1	1	1	1	1	1	1	1	1	1	1	1	1
10067	1	1	1	1	1	1	1	1	1	1	1	1	1	1
10068	1	1	1	1	1	1	1	1	1	1	1	1	1	1
10069	1	1	1	1	1	1	1	1	1	1	1	1	1	1
10070	1	1	1	1	1	1	1	1	1	1	1	1	1	1
10071	1	1	1	1	1	1	1	1	1	1	1	1	1	1
10072	1	1	1	1	1	1	1	1	1	1	1	1	1	1
10073	1	1	1	1	1	1	1	1	1	1	1	1	1	1
10074	1	1	1	1	1	1	1	1	1	1	1	1	1	1
10075	1	1	1	1	1	1	1	1	1	1	1	1	1	1
10076	1	1	1	1	1	1	1	1	1	1	1	1	1	1
10077	1	1	1	1	1	1	1	1	1	1	1	1	1	1
10078	1	1	1	1	1	1	1	1	1	1	1	1	1	1
10079	1	1	1	1	1	1	1	1	1	1	1	1	1	1
10081	1	1	1	1	1	1	1	1	1	1	1	1	1	1
10082	1	1	1	1	1	1	1	1	1	1	1	1	1	1
10083	1	1	1	1	1	1	1	1	1	1	1	1	1	1
10084	1	1	1	1	1	1	1	1	1	1	1	1	1	1
10085	1	1	1	1	1	1	1	1	1	1	1	1	1	1
10086	1	1	1	1	1	1	1	1	1	1	1	1	1	1
10087	1	1	1	1	1	1	1	1	1	1	1	1	1	1
10088	1	1	1	1	1	1	1	1	1	1	1	1	1	1
10089	1	1	1	1	1	1	1	1	1	1	1	1	1	1
10090	1	1	1	1	1	1	1	1	1	1	1	1	1	1
10091	1	1	1	1	1	1	1	1	1	1	1	1	1	1
10092	1	1	1	1	1	1	1	1	1	1	1	1	1	1
10093	1	1	1	1	1	1	1	1	1	1	1	1	1	1
10094	1	1	1	1	1	1	1	1	1	1	1	1	1	1
10095	1	1	1	1	1	1	1	1	1	1	1	1	1	1
10096	1	1	1	1	1	1	1	1	1	1	1	1	1	1
10097	1	1	1	1	1	1	1	1	1	1	1	1	1	1
10098	1	1	1	1	1	1	1	1	1	1	1	1	1	1
10099	1	1	1	1	1	1	1	1	1	1	1	1	1	1
10100	1	1	1	1	1	1	1	1	1	1	1	1	1	1
